x: x
y: y
0.0
1.0
0.031415926535897934
0.9995065603657316
0.06283185307179587
0.9980267284282716
0.0942477796076938
0.99556196460308
0.12566370614359174
0.9921147013144779
0.15707963267948966
0.9876883405951378
0.1884955592153876
0.9822872507286887
0.21991148575128555
0.9759167619387474
0.25132741228718347
0.9685831611286311
0.2827433388230814
0.9602936856769431
0.3141592653589793
0.9510565162951535
0.3455751918948773
0.9408807689542255
0.3769911184307752
0.9297764858882513
0.4084070449666731
0.9177546256839811
0.4398229715025711
0.9048270524660195
0.471238898038469
0.8910065241883679
0.5026548245743669
0.8763066800438636
0.5340707511102649
0.8607420270039436
0.5654866776461628
0.8443279255020151
0.5969026041820608
0.8270805742745618
0.6283185307179586
0.8090169943749475
0.6597344572538566
0.7901550123756904
0.6911503837897546
0.7705132427757891
0.7225663103256524
0.7501110696304596
0.7539822368615504
0.7289686274214116
0.7853981633974484
0.7071067811865475
0.8168140899333463
0.6845471059286886
0.8482300164692442
0.6613118653236518
0.8796459430051422
0.6374239897486896
0.9110618695410401
0.6129070536529765
0.942477796076938
0.587785252292473
0.9738937226128359
0.5620833778521306
1.0053096491487339
0.5358267949789965
1.0367255756846319
0.5090414157503712
1.0681415022205298
0.48175367410171516
1.0995574287564276
0.4539904997395468
1.1309733552923256
0.42577929156507266
1.1623892818282235
0.39714789063478056
1.1938052083641215
0.36812455268467786
1.2252211349000195
0.33873792024529126
1.2566370614359172
0.30901699437494745
1.2880529879718152
0.2789911060392293
1.3194689145077132
0.24868988716485474
1.3508848410436112
0.21814324139654248
1.3823007675795091
0.18738131458572452
1.4137166941154071
0.1564344650402307
1.4451326206513049
0.12533323356430426
1.4765485471872029
0.09410831331851428
1.5079644737231008
0.0627905195293133
1.5393804002589988
0.031410759078128174
1.5707963267948968
-1.6081226496766366e-16
1.6022122533307945
-0.03141075907812828
1.6336281798666925
-0.0627905195293134
1.6650441064025905
-0.09410831331851438
1.6964600329384885
-0.12533323356430437
1.7278759594743864
-0.15643446504023104
1.7592918860102844
-0.18738131458572482
1.7907078125461822
-0.21814324139654256
1.8221237390820801
-0.24868988716485485
1.8535396656179781
-0.27899110603922933
1.884955592153876
-0.30901699437494756
1.916371518689774
-0.33873792024529153
1.9477874452256718
-0.368124552684678
1.9792033717615698
-0.3971478906347807
2.0106192982974678
-0.4257792915650727
2.0420352248333655
-0.45399049973954675
2.0734511513692637
-0.48175367410171543
2.1048670779051615
-0.5090414157503713
2.1362830044410597
-0.5358267949789969
2.1676989309769574
-0.5620833778521307
2.199114857512855
-0.587785252292473
2.2305307840487534
-0.6129070536529766
2.261946710584651
-0.6374239897486897
2.2933626371205493
-0.661311865323652
2.324778563656447
-0.6845471059286887
2.356194490192345
-0.7071067811865475
2.387610416728243
-0.7289686274214117
2.419026343264141
-0.7501110696304595
2.450442269800039
-0.7705132427757894
2.4818581963359367
-0.7901550123756904
2.5132741228718345
-0.8090169943749473
2.5446900494077327
-0.8270805742745619
2.5761059759436304
-0.8443279255020151
2.6075219024795286
-0.8607420270039438
2.6389378290154264
-0.8763066800438636
2.6703537555513246
-0.891006524188368
2.7017696820872223
-0.9048270524660196
2.73318560862312
-0.9177546256839811
2.7646015351590183
-0.9297764858882515
2.796017461694916
-0.9408807689542255
2.8274333882308142
-0.9510565162951536
2.858849314766712
-0.9602936856769431
2.8902652413026098
-0.9685831611286311
2.921681167838508
-0.9759167619387474
2.9530970943744057
-0.9822872507286887
2.984513020910304
-0.9876883405951378
3.0159289474462017
-0.9921147013144779
3.0473448739820994
-0.99556196460308
3.0787608005179976
-0.9980267284282716
3.1101767270538954
-0.9995065603657316
3.1415926535897936
-1.0
3.1730085801256913
-0.9995065603657316
3.204424506661589
-0.9980267284282716
3.2358404331974873
-0.99556196460308
3.267256359733385
-0.9921147013144779
3.298672286269283
-0.9876883405951377
3.330088212805181
-0.9822872507286886
3.3615041393410787
-0.9759167619387474
3.392920065876977
-0.9685831611286311
3.4243359924128747
-0.9602936856769431
3.455751918948773
-0.9510565162951535
3.4871678454846706
-0.9408807689542255
3.518583772020569
-0.9297764858882512
3.5499996985564666
-0.917754625683981
3.5814156250923643
-0.9048270524660195
3.6128315516282625
-0.8910065241883677
3.6442474781641603
-0.8763066800438636
3.6756634047000585
-0.8607420270039434
3.7070793312359562
-0.844327925502015
3.738495257771854
-0.8270805742745618
3.769911184307752
-0.8090169943749472
3.80132711084365
-0.7901550123756903
3.832743037379548
-0.770513242775789
3.864158963915446
-0.7501110696304594
3.8955748904513436
-0.7289686274214116
3.926990816987242
-0.7071067811865474
3.9584067435231396
-0.6845471059286886
3.989822670059038
-0.6613118653236516
4.0212385965949355
-0.6374239897486895
4.052654523130833
-0.6129070536529765
4.084070449666731
-0.5877852522924732
4.11548637620263
-0.5620833778521301
4.1469023027385274
-0.5358267949789963
4.178318229274425
-0.5090414157503711
4.209734155810323
-0.48175367410171527
4.241150082346221
-0.4539904997395469
4.272566008882119
-0.42577929156507216
4.303981935418017
-0.3971478906347803
4.335397861953915
-0.3681245526846778
4.366813788489813
-0.33873792024529137
4.39822971502571
-0.30901699437494756
4.429645641561609
-0.2789911060392287
4.461061568097507
-0.24868988716485443
4.4924774946334045
-0.21814324139654237
4.523893421169302
-0.18738131458572463
4.5553093477052
-0.15643446504023104
4.586725274241099
-0.12533323356430373
4.618141200776996
-0.09410831331851396
4.649557127312894
-0.06279051952931321
4.680973053848792
-0.0314107590781283
4.71238898038469
-1.8369701987210297e-16
4.743804906920588
0.03141075907812882
4.775220833456486
0.06279051952931372
4.806636759992384
0.09410831331851449
4.838052686528282
0.12533323356430423
4.869468613064179
0.15643446504023067
4.900884539600078
0.18738131458572513
4.932300466135976
0.2181432413965429
4.9637163926718735
0.24868988716485493
4.995132319207771
0.2789911060392292
5.026548245743669
0.30901699437494723
5.057964172279568
0.33873792024529187
5.089380098815465
0.36812455268467825
5.120796025351363
0.39714789063478073
5.152211951887261
0.4257792915650726
5.1836278784231595
0.4539904997395474
5.215043804959057
0.4817536741017157
5.246459731494955
0.5090414157503715
5.277875658030853
0.5358267949789968
5.3092915845667505
0.5620833778521306
5.340707511102649
0.5877852522924737
5.372123437638547
0.6129070536529769
5.403539364174445
0.63742398974869
5.4349552907103424
0.6613118653236519
5.46637121724624
0.6845471059286886
5.497787143782139
0.707106781186548
5.529203070318037
0.7289686274214119
5.560618996853934
0.7501110696304598
5.592034923389832
0.7705132427757894
5.62345084992573
0.7901550123756903
5.6548667764616285
0.8090169943749478
5.686282702997526
0.827080574274562
5.717698629533424
0.8443279255020152
5.749114556069322
0.8607420270039438
5.7805304826052195
0.8763066800438636
5.811946409141118
0.8910065241883681
5.843362335677016
0.9048270524660197
5.874778262212914
0.9177546256839813
5.906194188748811
0.9297764858882515
5.937610115284709
0.9408807689542255
5.969026041820608
0.9510565162951538
6.000441968356506
0.9602936856769432
6.031857894892403
0.9685831611286312
6.063273821428301
0.9759167619387474
6.094689747964199
0.9822872507286887
6.1261056745000975
0.9876883405951379
6.157521601035995
0.9921147013144779
6.188937527571893
0.99556196460308
6.220353454107791
0.9980267284282716
6.2517693806436885
0.9995065603657316
