x: bedrooms, bathrooms, sqft_living, sqft_lot, floors, waterfront, view, condition, grade, sqft_above, sqft_basement
y: price (in millions)
3.0 2.5 2450.0 5760.0 2.0 0.0 0.0 3.0 9.0 2450.0 0.0 
0.6725
4.0 2.5 2140.0 7245.0 2.0 0.0 0.0 3.0 7.0 2140.0 0.0 
0.495
6.0 4.5 5740.0 10312.0 2.0 0.0 2.0 3.0 11.0 3610.0 2130.0 
1.38
5.0 1.0 1500.0 9282.0 1.5 0.0 0.0 5.0 6.0 1500.0 0.0 
0.235
3.0 2.5 2550.0 4954.0 1.5 0.0 0.0 4.0 7.0 1850.0 700.0 
0.675
3.0 2.5 3150.0 151588.0 2.0 0.0 0.0 3.0 9.0 3150.0 0.0 
0.72
3.0 1.0 1150.0 11396.0 1.5 0.0 0.0 4.0 7.0 1150.0 0.0 
0.3545
3.0 2.5 1660.0 5250.0 2.0 0.0 0.0 4.0 8.0 1660.0 0.0 
0.265
3.0 1.5 1440.0 8370.0 1.0 0.0 0.0 3.0 7.0 1440.0 0.0 
0.224
3.0 1.5 1300.0 8280.0 1.0 0.0 0.0 5.0 7.0 1300.0 0.0 
0.396
3.0 1.0 1270.0 4000.0 1.5 0.0 2.0 3.0 7.0 1270.0 0.0 
0.435
4.0 2.5 2820.0 25995.0 2.0 0.0 0.0 3.0 9.0 2820.0 0.0 
0.545
1.0 1.0 1230.0 9300.0 1.5 0.0 0.0 4.0 6.0 1230.0 0.0 
0.34995
3.0 1.0 960.0 10761.0 1.0 0.0 0.0 4.0 6.0 960.0 0.0 
0.193
3.0 2.5 2190.0 34528.0 2.0 0.0 0.0 3.0 8.0 2190.0 0.0 
0.525
3.0 2.0 1320.0 6000.0 1.5 0.0 0.0 4.0 7.0 1320.0 0.0 
0.41
4.0 2.25 1800.0 9018.0 2.0 0.0 0.0 3.0 7.0 1800.0 0.0 
0.272
4.0 2.25 1800.0 2752.0 2.0 0.0 0.0 3.0 8.0 1800.0 0.0 
0.3528
3.0 1.75 1840.0 4255.0 1.0 0.0 0.0 3.0 7.0 940.0 900.0 
0.645
4.0 2.25 3020.0 11489.0 1.5 1.0 3.0 5.0 10.0 2110.0 910.0 
1.9
3.0 1.0 920.0 5546.0 1.0 0.0 0.0 2.0 6.0 920.0 0.0 
0.207
3.0 2.5 1650.0 4636.0 2.0 0.0 0.0 3.0 8.0 1650.0 0.0 
0.465
3.0 2.5 1990.0 7577.0 2.0 0.0 0.0 3.0 7.0 1990.0 0.0 
0.293
3.0 1.0 1250.0 7210.0 1.0 0.0 0.0 4.0 7.0 1250.0 0.0 
0.345
2.0 1.0 880.0 5111.0 1.0 0.0 0.0 3.0 6.0 880.0 0.0 
0.4
3.0 2.5 2210.0 7000.0 2.0 0.0 0.0 4.0 8.0 2210.0 0.0 
0.412
3.0 2.0 2410.0 13300.0 2.0 0.0 0.0 3.0 9.0 1840.0 570.0 
0.822
3.0 2.25 1230.0 7420.0 1.5 0.0 0.0 5.0 7.0 1230.0 0.0 
0.2
3.0 2.5 1790.0 7167.0 2.0 0.0 0.0 3.0 8.0 1790.0 0.0 
0.515
3.0 1.75 1770.0 9000.0 1.0 0.0 0.0 3.0 7.0 1090.0 680.0 
0.286
3.0 1.75 2040.0 42693.0 1.0 0.0 2.0 3.0 10.0 2040.0 0.0 
1.32
3.0 1.5 1800.0 6250.0 1.0 0.0 0.0 3.0 8.0 1420.0 380.0 
0.58
4.0 1.75 2050.0 8913.0 1.0 0.0 0.0 3.0 7.0 1330.0 720.0 
0.485
3.0 2.25 1450.0 13439.0 1.0 0.0 0.0 4.0 7.0 1180.0 270.0 
0.265
3.0 1.0 1130.0 10650.0 1.0 0.0 0.0 3.0 7.0 1130.0 0.0 
0.237
4.0 2.0 1590.0 9100.0 1.0 0.0 0.0 3.0 7.0 1040.0 550.0 
0.33
4.0 3.25 3090.0 6744.0 2.0 0.0 4.0 3.0 9.0 3090.0 0.0 
0.85
3.0 2.5 2380.0 214315.0 1.5 0.0 0.0 3.0 9.0 2380.0 0.0 
0.44625
7.0 2.75 3410.0 4056.0 1.5 0.0 0.0 4.0 8.0 2130.0 1280.0 
0.75
3.0 2.5 1450.0 5175.0 1.0 0.0 0.0 3.0 8.0 1030.0 420.0 
0.465
4.0 2.5 3310.0 4839.0 2.0 0.0 0.0 3.0 9.0 3310.0 0.0 
0.644
2.0 1.0 1200.0 4880.0 1.0 0.0 0.0 3.0 6.0 980.0 220.0 
0.245
5.0 3.0 3490.0 6091.0 2.0 0.0 0.0 3.0 9.0 3490.0 0.0 
0.715
3.0 1.75 1870.0 12381.0 1.0 0.0 0.0 4.0 8.0 1870.0 0.0 
0.3145
1.0 1.0 690.0 1950.0 1.0 0.0 0.0 3.0 6.0 690.0 0.0 
0.28
4.0 1.75 1940.0 15909.0 1.0 0.0 0.0 3.0 8.0 970.0 970.0 
0.375
5.0 2.5 2600.0 4284.0 2.0 0.0 0.0 3.0 9.0 2600.0 0.0 
0.775
3.0 2.0 3000.0 22040.0 2.0 0.0 2.0 4.0 8.0 2470.0 530.0 
0.887
5.0 3.25 4860.0 23723.0 2.0 0.0 2.0 4.0 11.0 3820.0 1040.0 
1.68
4.0 2.5 3220.0 4031.0 2.0 0.0 0.0 3.0 9.0 3220.0 0.0 
0.76
4.0 3.0 2720.0 11740.0 1.0 0.0 0.0 5.0 9.0 2720.0 0.0 
0.94
3.0 2.5 1730.0 4102.0 3.0 1.0 4.0 3.0 8.0 1730.0 0.0 
0.96
2.0 1.0 900.0 5000.0 1.0 0.0 0.0 5.0 6.0 900.0 0.0 
0.21
3.0 2.25 1630.0 7900.0 1.0 0.0 0.0 4.0 7.0 1130.0 500.0 
0.2315
6.0 3.0 2960.0 5000.0 1.0 0.0 0.0 3.0 8.0 1790.0 1170.0 
0.65
3.0 1.0 1340.0 10260.0 1.0 0.0 0.0 3.0 7.0 1340.0 0.0 
0.172
3.0 1.75 1260.0 15000.0 1.5 0.0 0.0 4.0 7.0 1260.0 0.0 
0.204555
5.0 3.5 3210.0 4060.0 2.0 0.0 2.0 3.0 10.0 2290.0 920.0 
1.289
3.0 2.25 1970.0 3716.0 2.0 0.0 0.0 3.0 7.0 1970.0 0.0 
0.34
4.0 2.25 1890.0 8034.0 1.0 0.0 0.0 4.0 8.0 1890.0 0.0 
0.521
4.0 2.5 3690.0 11468.0 2.0 0.0 0.0 3.0 11.0 3690.0 0.0 
0.9
3.0 1.75 1726.0 197326.0 2.0 0.0 0.0 4.0 7.0 1726.0 0.0 
0.36375
3.0 1.0 1080.0 7486.0 1.5 0.0 0.0 3.0 6.0 990.0 90.0 
0.2285
4.0 3.5 3660.0 4903.0 2.0 0.0 0.0 3.0 9.0 2760.0 900.0 
0.80995
4.0 2.0 2340.0 6000.0 1.0 0.0 0.0 5.0 8.0 1270.0 1070.0 
0.685
3.0 1.75 1240.0 4550.0 1.5 0.0 0.0 4.0 7.0 1240.0 0.0 
0.505
2.0 1.0 1140.0 7200.0 1.0 0.0 0.0 3.0 6.0 1140.0 0.0 
0.276
3.0 2.5 2160.0 10200.0 1.0 0.0 0.0 3.0 7.0 1360.0 800.0 
0.405
5.0 2.0 2270.0 2400.0 2.0 0.0 0.0 3.0 7.0 2270.0 0.0 
0.631
4.0 2.5 2820.0 5510.0 2.0 0.0 0.0 3.0 9.0 2820.0 0.0 
0.398
8.0 2.75 2530.0 4800.0 2.0 0.0 0.0 4.0 7.0 1390.0 1140.0 
0.68
3.0 1.75 1570.0 8400.0 1.0 0.0 0.0 4.0 7.0 1570.0 0.0 
0.439995
4.0 2.5 1880.0 9426.0 2.0 0.0 0.0 4.0 7.0 1880.0 0.0 
0.306
3.0 1.75 1995.0 18360.0 2.0 0.0 0.0 3.0 7.0 1995.0 0.0 
0.2715
6.0 4.5 4800.0 9097.0 2.0 0.0 0.0 3.0 10.0 3580.0 1220.0 
1.975
3.0 3.5 4360.0 6240.0 2.0 0.0 3.0 3.0 10.0 2960.0 1400.0 
1.555
5.0 2.5 2240.0 7770.0 1.0 0.0 0.0 3.0 7.0 1340.0 900.0 
0.455
3.0 2.75 1320.0 1125.0 3.0 0.0 0.0 3.0 8.0 1320.0 0.0 
0.535
3.0 1.0 1210.0 7175.0 1.0 0.0 0.0 3.0 7.0 1210.0 0.0 
0.215
3.0 2.5 2390.0 4555.0 2.0 0.0 0.0 3.0 9.0 2390.0 0.0 
0.695
3.0 1.75 1700.0 6120.0 1.0 0.0 0.0 3.0 7.0 1700.0 0.0 
0.5
3.0 2.5 1560.0 9361.0 1.5 0.0 0.0 4.0 7.0 1360.0 200.0 
0.5455
4.0 3.25 3230.0 5000.0 1.5 0.0 0.0 4.0 7.0 1750.0 1480.0 
0.8266
2.0 1.75 1390.0 5025.0 1.5 0.0 0.0 4.0 8.0 1390.0 0.0 
0.6865
3.0 1.0 1510.0 8800.0 1.0 0.0 0.0 4.0 7.0 1010.0 500.0 
0.2259
4.0 2.5 2990.0 10400.0 2.0 0.0 0.0 3.0 9.0 2990.0 0.0 
0.673
3.0 1.75 2240.0 8153.0 1.0 0.0 0.0 3.0 7.0 1120.0 1120.0 
0.44
3.0 2.25 1730.0 10030.0 1.0 0.0 0.0 4.0 8.0 1730.0 0.0 
0.3
2.0 2.5 1860.0 6359.0 2.0 0.0 0.0 3.0 7.0 1860.0 0.0 
0.31495
4.0 2.25 3530.0 5500.0 2.0 0.0 0.0 3.0 8.0 2860.0 670.0 
1.655
2.0 1.0 760.0 4000.0 1.0 0.0 0.0 4.0 6.0 760.0 0.0 
0.265
4.0 2.5 2120.0 3720.0 2.0 0.0 0.0 3.0 8.0 2120.0 0.0 
0.615
4.0 2.5 2810.0 52062.0 1.5 0.0 0.0 4.0 9.0 2810.0 0.0 
0.855
4.0 2.5 2520.0 3980.0 2.0 0.0 0.0 3.0 8.0 2520.0 0.0 
0.5985
3.0 1.0 1000.0 10560.0 1.0 0.0 0.0 3.0 7.0 1000.0 0.0 
0.14
5.0 4.75 6390.0 13180.0 2.0 0.0 0.0 3.0 10.0 4560.0 1830.0 
2.46635
4.0 1.5 1310.0 8250.0 1.0 0.0 0.0 3.0 7.0 1060.0 250.0 
0.2512
3.0 2.75 1720.0 6720.0 1.0 0.0 0.0 4.0 7.0 1270.0 450.0 
0.493
4.0 2.5 3135.0 5811.0 2.0 0.0 0.0 3.0 9.0 3135.0 0.0 
0.3745
2.0 1.0 1070.0 2754.0 1.0 0.0 0.0 3.0 7.0 830.0 240.0 
0.5791
4.0 2.25 2010.0 7575.0 1.0 0.0 0.0 3.0 7.0 1220.0 790.0 
0.44
4.0 2.5 2540.0 6491.0 2.0 0.0 0.0 3.0 8.0 2540.0 0.0 
0.75
5.0 2.5 2990.0 7500.0 1.0 0.0 2.0 3.0 9.0 1800.0 1190.0 
0.575
3.0 1.75 1780.0 120661.0 1.0 0.0 0.0 4.0 6.0 1780.0 0.0 
0.3369
3.0 2.0 1540.0 7800.0 1.0 0.0 0.0 3.0 8.0 1540.0 0.0 
0.525
4.0 1.5 1810.0 6000.0 1.0 0.0 1.0 3.0 8.0 1350.0 460.0 
0.56
5.0 4.25 6510.0 16471.0 2.0 0.0 3.0 4.0 11.0 3250.0 3260.0 
1.9
4.0 1.75 1660.0 8160.0 1.0 0.0 0.0 3.0 8.0 1660.0 0.0 
0.37495
3.0 1.75 1330.0 7848.0 1.0 0.0 0.0 3.0 8.0 1330.0 0.0 
0.347
3.0 1.5 2440.0 7200.0 1.0 0.0 0.0 3.0 7.0 2440.0 0.0 
0.55
3.0 2.5 1060.0 1536.0 2.0 0.0 0.0 3.0 8.0 1060.0 0.0 
0.415
4.0 4.5 5270.0 12195.0 2.0 1.0 4.0 3.0 11.0 3400.0 1870.0 
2.6
4.0 2.0 1520.0 6200.0 1.5 0.0 0.0 3.0 7.0 1520.0 0.0 
0.64
3.0 1.0 1010.0 9576.0 1.0 0.0 0.0 4.0 7.0 1010.0 0.0 
0.2017
4.0 2.75 2250.0 14149.0 2.0 0.0 0.0 3.0 9.0 2250.0 0.0 
0.499
3.0 1.75 1770.0 10080.0 1.0 0.0 0.0 3.0 8.0 1770.0 0.0 
0.495
3.0 2.25 2340.0 6183.0 1.0 0.0 0.0 3.0 7.0 1210.0 1130.0 
0.51
3.0 2.25 1960.0 12350.0 1.0 0.0 0.0 4.0 7.0 1960.0 0.0 
0.525
4.0 2.5 2250.0 50155.0 2.0 0.0 0.0 3.0 8.0 2250.0 0.0 
0.4765
2.0 1.0 1040.0 4590.0 1.0 0.0 0.0 3.0 7.0 1040.0 0.0 
0.21
3.0 2.5 1480.0 1531.0 3.0 0.0 0.0 3.0 8.0 1480.0 0.0 
0.59895
4.0 2.25 1950.0 7000.0 1.0 0.0 1.0 3.0 8.0 1450.0 500.0 
0.8025
3.0 1.0 1480.0 8415.0 1.0 0.0 0.0 3.0 7.0 1080.0 400.0 
0.175
3.0 2.5 1930.0 5344.0 2.0 0.0 0.0 3.0 7.0 1930.0 0.0 
0.5318
4.0 2.5 2020.0 7200.0 1.0 0.0 0.0 5.0 7.0 1010.0 1010.0 
0.495
3.0 1.75 2660.0 5511.0 1.0 0.0 0.0 3.0 8.0 1330.0 1330.0 
0.467
3.0 2.0 1370.0 7500.0 1.0 0.0 0.0 3.0 7.0 1370.0 0.0 
0.252
5.0 2.5 2570.0 9962.0 2.0 0.0 0.0 3.0 8.0 2570.0 0.0 
0.4925
4.0 2.5 3030.0 29163.0 2.0 0.0 0.0 3.0 10.0 3030.0 0.0 
0.835
3.0 1.75 1580.0 20588.0 1.0 0.0 0.0 3.0 8.0 1580.0 0.0 
0.625
3.0 1.75 1870.0 25157.0 2.0 0.0 0.0 3.0 7.0 1870.0 0.0 
0.475
3.0 2.5 2670.0 12187.0 2.0 0.0 0.0 3.0 8.0 2670.0 0.0 
0.744
5.0 2.5 3320.0 9024.0 2.0 0.0 0.0 3.0 9.0 3320.0 0.0 
0.8
4.0 1.75 2010.0 8625.0 1.0 0.0 0.0 4.0 7.0 1340.0 670.0 
0.364
3.0 3.5 3680.0 11491.0 2.0 0.0 2.0 3.0 11.0 3680.0 0.0 
1.225
4.0 2.5 2030.0 9095.0 1.0 0.0 0.0 4.0 7.0 1130.0 900.0 
0.405
3.0 1.5 1380.0 4500.0 1.0 0.0 0.0 5.0 7.0 1380.0 0.0 
0.65
2.0 2.5 1330.0 1249.0 3.0 0.0 0.0 3.0 8.0 1330.0 0.0 
0.515
3.0 2.5 2230.0 4000.0 2.0 0.0 0.0 3.0 7.0 2230.0 0.0 
0.39875
2.0 1.0 1790.0 3760.0 1.5 0.0 0.0 4.0 8.0 1490.0 300.0 
0.57
3.0 2.5 1480.0 1485.0 2.0 0.0 0.0 3.0 8.0 1280.0 200.0 
0.584
4.0 2.25 1980.0 9714.0 1.0 0.0 0.0 3.0 7.0 1170.0 810.0 
0.286285
4.0 2.25 2370.0 6000.0 1.0 0.0 2.0 3.0 8.0 1440.0 930.0 
0.899
3.0 1.75 1640.0 7437.0 1.0 0.0 0.0 3.0 7.0 1090.0 550.0 
0.556
2.0 1.0 1270.0 6000.0 1.0 0.0 0.0 3.0 7.0 1270.0 0.0 
0.425
2.0 2.0 1550.0 2400.0 1.5 0.0 0.0 4.0 7.0 1550.0 0.0 
0.526
4.0 1.75 1630.0 8000.0 1.0 0.0 0.0 3.0 7.0 1630.0 0.0 
0.215
3.0 1.0 1180.0 8474.0 1.5 0.0 0.0 3.0 7.0 1180.0 0.0 
0.31
2.0 1.75 1480.0 5120.0 1.0 0.0 0.0 4.0 6.0 840.0 640.0 
0.483945
3.0 2.0 1470.0 8000.0 1.0 0.0 0.0 4.0 8.0 1470.0 0.0 
0.245
2.0 1.5 830.0 920.0 2.0 0.0 0.0 3.0 7.0 830.0 0.0 
0.345
3.0 2.5 2810.0 4607.0 2.0 0.0 0.0 3.0 8.0 2810.0 0.0 
0.533
3.0 1.5 1560.0 20251.0 1.0 0.0 0.0 5.0 7.0 1200.0 360.0 
0.577
3.0 3.5 1650.0 1577.0 2.0 0.0 0.0 3.0 7.0 1100.0 550.0 
0.495
4.0 3.25 3860.0 7199.0 2.0 0.0 1.0 3.0 9.0 2870.0 990.0 
1.5
4.0 2.5 3280.0 25211.0 2.0 0.0 3.0 3.0 11.0 3280.0 0.0 
0.81
4.0 2.0 1910.0 2874.0 1.0 0.0 0.0 3.0 7.0 1060.0 850.0 
0.493
3.0 2.25 1640.0 7630.0 1.0 0.0 0.0 4.0 8.0 1180.0 460.0 
0.247
3.0 2.5 2360.0 4080.0 2.0 0.0 0.0 3.0 7.0 2360.0 0.0 
0.55
3.0 2.25 1940.0 6500.0 1.0 0.0 0.0 3.0 8.0 1440.0 500.0 
0.219
3.0 1.75 1260.0 1133.0 2.0 0.0 0.0 3.0 7.0 810.0 450.0 
0.255
3.0 1.0 1480.0 6550.0 1.5 0.0 0.0 4.0 6.0 1480.0 0.0 
0.398
3.0 2.5 3470.0 12076.0 2.0 0.0 3.0 3.0 10.0 2560.0 910.0 
1.05
6.0 2.75 2940.0 7350.0 1.0 0.0 0.0 3.0 8.0 1780.0 1160.0 
0.315
2.0 1.75 1390.0 6670.0 1.0 0.0 0.0 3.0 6.0 720.0 670.0 
0.4455
3.0 2.5 1800.0 4763.0 2.0 0.0 0.0 3.0 7.0 1240.0 560.0 
0.67
4.0 2.75 3520.0 5500.0 2.0 0.0 0.0 3.0 9.0 3520.0 0.0 
0.85999
3.0 2.5 1600.0 3580.0 2.0 0.0 0.0 3.0 7.0 1600.0 0.0 
0.292
3.0 2.5 2620.0 11056.0 2.0 0.0 0.0 3.0 9.0 2620.0 0.0 
0.5575
4.0 3.5 3990.0 5267.0 2.0 0.0 0.0 3.0 10.0 3990.0 0.0 
1.08
3.0 2.0 1560.0 7352.0 1.0 0.0 0.0 3.0 6.0 1560.0 0.0 
0.19644
3.0 1.0 940.0 10500.0 1.0 0.0 0.0 4.0 7.0 940.0 0.0 
0.3425
3.0 1.0 1400.0 7410.0 1.0 0.0 0.0 3.0 6.0 1400.0 0.0 
0.246
3.0 1.75 2140.0 13260.0 1.0 0.0 0.0 3.0 7.0 1240.0 900.0 
0.34
5.0 4.5 4600.0 7810.0 2.0 0.0 0.0 3.0 9.0 3200.0 1400.0 
0.805
3.0 2.0 1430.0 7125.0 1.0 0.0 0.0 4.0 7.0 1430.0 0.0 
0.465
3.0 1.0 1250.0 8276.0 1.5 0.0 0.0 5.0 6.0 1250.0 0.0 
0.219
4.0 2.5 2260.0 6086.0 2.0 0.0 0.0 3.0 8.0 2260.0 0.0 
0.33995
5.0 2.0 2000.0 4211.0 1.5 0.0 2.0 4.0 7.0 1280.0 720.0 
0.6905
4.0 2.0 1580.0 7800.0 2.0 0.0 0.0 2.0 6.0 1580.0 0.0 
0.333
6.0 2.75 3200.0 9200.0 1.0 0.0 2.0 4.0 8.0 1600.0 1600.0 
0.4973
3.0 2.0 1680.0 5036.0 1.0 0.0 1.0 4.0 7.0 1680.0 0.0 
0.37
3.0 1.75 1160.0 5082.0 1.0 0.0 0.0 3.0 6.0 580.0 580.0 
0.1379
4.0 1.75 2390.0 5880.0 1.0 0.0 2.0 3.0 8.0 1390.0 1000.0 
0.695
5.0 2.5 2400.0 4548.0 2.0 0.0 0.0 3.0 7.0 2400.0 0.0 
0.335
4.0 2.5 2690.0 7947.0 2.0 0.0 0.0 3.0 8.0 2690.0 0.0 
0.419
5.0 3.5 3330.0 3705.0 2.0 0.0 0.0 3.0 9.0 2610.0 720.0 
0.795
3.0 2.0 1750.0 2640.0 1.0 0.0 0.0 3.0 8.0 1010.0 740.0 
0.80825
2.0 1.0 960.0 87991.0 1.5 0.0 0.0 3.0 5.0 960.0 0.0 
0.18
3.0 3.75 1950.0 8625.0 1.0 0.0 0.0 3.0 8.0 1360.0 590.0 
0.3451
3.0 2.25 1850.0 10855.0 1.0 0.0 0.0 3.0 8.0 1370.0 480.0 
0.52
3.0 2.5 1800.0 2791.0 2.0 0.0 0.0 3.0 8.0 1800.0 0.0 
0.3799
3.0 1.75 1700.0 8400.0 1.0 0.0 0.0 3.0 8.0 1460.0 240.0 
0.75
3.0 1.5 1920.0 61014.0 1.0 0.0 0.0 3.0 6.0 1920.0 0.0 
0.21
2.0 1.0 1130.0 5070.0 1.0 0.0 0.0 4.0 7.0 1130.0 0.0 
0.325
3.0 2.0 1720.0 128066.0 1.0 0.0 0.0 3.0 7.0 1720.0 0.0 
0.427
3.0 2.0 1340.0 1384.0 3.0 0.0 0.0 3.0 8.0 1340.0 0.0 
0.376
4.0 2.0 2390.0 23972.0 2.0 0.0 0.0 3.0 7.0 1720.0 670.0 
0.307
4.0 2.5 2950.0 10003.0 2.0 0.0 0.0 3.0 9.0 2950.0 0.0 
0.5515
4.0 2.0 1650.0 6480.0 2.0 0.0 0.0 5.0 7.0 1650.0 0.0 
0.49
