x: Gender, Height (cm) / 100, Weight (kg) / 100, Blood Pressure / 100, Diastolic / 100, Cholesterol Level (mg/dL) / 100, BMI / 100, Blood Glucose Level (mg/dL) / 100, Bone Density (g/cm2), Vision Sharpness, Hearing Ability (dB) / 100, Physical Activity Level, Smoking Status, Alcohol Consumption, Diet, Chronic Diseases, Medication Use, Family History, Cognitive Function / 100, Mental Health Status, Sleep Patterns, Stress Levels / 10, Pollution Exposure / 10, Sun Exposure / 10, Income Level
y: Age (years) / 10
1 1.6245516970149072 0.7352143076402509 1.38 0.86 2.1377514426092366 0.2785780395151274 1.1282796339140189 1.4972182737278528 0.7616134288738121 0.37734693222926163 2 2 2 1 1 2 1 0.8604480273919645 2 1 0.1511565136411496 0.9784944646717909 0.7061202676997098 1 
3.5
0 1.7998703979953206 0.7309138720998173 1.7 1.09 2.4360951259778285 0.2256231903376755 1.3135900723680536 0.116234531672779 0.2 0.6445766440725924 2 2 0 3 0 0 0 0.656473120190717 3 0 0.2262501675844165 0.4244323316766011 0.35049484365085465 2 
7.8
1 1.6433962166367584 0.576264692298157 1.62 0.97 2.0639512908342468 0.21337200862181632 1.063159045543936 0.2094976600785731 0.2 0.7243082081005778 0 2 2 2 0 0 0 0.5603094325465254 1 2 0.24995061411752723 0.2321888594193544 0.348448957977872 1 
8.8
0 1.7356214566225634 0.7406031802195543 1.57 1.03 2.0149357081763624 0.24585302242103968 1.040174904438071 0.7985952523056706 0.4301261930349817 0.3156882786113536 2 2 2 2 2 2 1 0.690944396711063 2 1 0.6648795957163728 0.23272754647957594 0.2484512023760414 2 
5.5
1 1.6161076098961358 0.6157483730173153 1.27 0.91 2.433062057120099 0.2357559826747379 1.4955045283509523 1.4748791507638297 0.6073501857910828 0.3434656241757141 1 1 1 0 0 0 0 0.9090152383271333 2 1 0.5297825351083987 0.2559314925906357 0.570761701189031 1 
2.9
0 1.72958355424714 0.8416238111971728 1.43 0.76 2.01118823131648 0.2813422262912706 0.9408924208138838 1.5112589939584875 0.8759401237873983 0.1371174416388137 1 0 2 1 1 2 1 0.7368215007769179 2 1 0.605636618270571 0.4248566008764517 0.4768512045864931 1 
2.8
0 1.8296645756922356 0.6249584164105229 1.66 1.08 2.423476513848185 0.18668445732466568 1.0544647103700127 0.9669492830631532 0.4055987433690138 0.4641562958608858 1 1 1 2 2 2 3 0.6456542138266695 1 1 0.2537833904546279 0.9890739763678471 0.8706782367970414 2 
6.5
0 1.8004516520254583 1.040410359437788 1.34 1.02 2.5329666797056443 0.32095322251351605 1.5351214725140985 0.9821168236841996 0.2660311555944795 0.5889006805053267 1 0 0 3 0 0 0 0.9527507010952939 1 1 0.7216316844964682 0.0768861489253132 0.23927559678787352 2 
5.5
0 1.7841872749195717 0.8631908167686858 1.58 0.95 2.199088505239767 0.2711601941441109 1.4807397008896275 0.754214193804302 0.320676980062599 0.6281018157489432 1 1 1 0 2 1 3 0.4354072777711726 1 1 0.3503279024255983 0.15813798433062098 0.08720764635342201 0 
7.0
0 1.7526843319866456 0.8606253597057699 1.27 0.83 2.2311053171813495 0.28016038816381506 1.164157342896729 1.216986548243278 0.7430585106565545 0.4593892955025197 1 1 0 2 2 2 3 0.6599357816733661 3 0 0.1128422885384895 0.42475923133683413 1.0999064438394548 1 
4.0
0 1.7652933947539469 0.9754805218596032 1.28 0.75 2.035818500876953 0.3130291698909193 1.6356474150906228 1.7289653143914043 0.9252593174372048 0.2548103176376843 0 0 0 2 2 2 3 0.660439063142344 0 2 0.22573218546271195 0.8531118242367246 0.4799520880589688 1 
1.8
0 1.7891789344954683 0.9392310169529918 1.33 0.89 2.2478456324989304 0.29340321863633034 1.2100632096760497 1.2848282178309836 0.5854620628487318 0.5624774112281729 0 1 1 2 0 0 0 0.7608580364273382 3 0 0.8678002502413328 0.2197503001668794 0.07772663943024209 0 
5.2
0 1.8195303799092344 0.9391540970036203 1.39 0.99 2.097959760837297 0.28367315245372504 1.3519182437586814 1.210178591521368 0.5342451753916314 0.31875665965698824 0 0 1 3 0 0 0 0.7847637681946367 2 0 0.3341375745263294 0.9866608678846104 0.8788683250056094 0 
3.7
1 1.6490020164494459 0.8152502964092955 1.42 0.89 2.376019397695461 0.29981171034622595 1.002960583126839 1.238269534155637 0.7023957932505895 0.5308069360728824 0 1 0 1 1 2 3 0.7630680660090051 0 1 0.8968948879260751 0.06649079517476653 1.143655903391814 1 
3.1
0 1.7674257843855392 1.0920064411555175 1.3 0.76 2.5271130895425573 0.34957698073426824 1.2396813032868468 0.8996638480202506 0.2 0.6215911758535101 1 1 0 1 0 1 0 0.6068310551504998 3 1 0.3636984586299152 0.12576359512630508 0.8883934826669128 1 
6.1
0 1.8124304115512524 0.6664046199062443 1.69 1.12 2.1211077217772623 0.20286882678230397 1.5239995735237815 0.6376062963513315 0.4327623037307577 0.6092731164544383 0 2 1 1 0 1 0 0.6043015562847639 1 1 0.5291539973722644 0.8226362715572206 0.32563084222936445 1 
7.1
1 1.6284546527032169 0.6079380657543978 1.46 1.0 2.365040728324144 0.22924928967407537 1.3548225501352937 1.0483587935188896 0.7223437923444235 0.38587468812845915 2 0 0 0 0 1 0 0.46912459715528887 1 1 0.9120294724390169 0.7498362233844047 1.108986703929641 0 
4.2
0 1.7387947859374189 0.7707907636918511 1.51 0.99 1.8948214038620148 0.25494109303549495 1.4442438589282713 0.5967535371455097 0.2967916423085532 0.4572127695495984 0 0 0 3 2 2 1 0.4081316427574515 2 1 0.9049447687346699 0.00986072833713946 0.8134423392692944 0 
6.2
1 1.6518189734310655 0.7475556972075357 1.49 1.06 1.9334121020314203 0.2739798698832056 1.335119063153294 1.313150396715257 0.511049314866461 0.36897400984727186 1 0 1 3 2 1 1 0.5139668355444231 2 0 0.21754968403251923 0.9629539535753301 0.7618033871750608 1 
4.1
0 1.816958789089622 0.7914889014935005 1.47 1.04 2.3762584233570654 0.23974782464155647 1.0379995343365425 0.8254884506001006 0.3342805114045384 0.5313007904596785 1 0 0 0 0 0 0 0.7434460836801575 3 2 0.17913633570800705 0.6587077440912461 0.973229107309356 2 
5.5
0 1.7401354319664661 0.9238723447305256 1.66 1.09 2.2563667302729113 0.3051025707832078 1.127160583338149 0.6375820925518183 0.4256311651041167 0.5864236288104349 2 0 2 2 2 2 3 0.6758032626044365 2 0 0.8640637260449424 0.776690487057804 0.6791992051794162 0 
7.9
0 1.7849943842625624 0.721169691084651 1.3 0.83 2.326733205388633 0.22634127495978318 1.2340522001008232 1.3277050621827082 0.6651064569278362 0.4015947889879907 0 1 2 2 0 0 0 0.8008957116383891 2 0 0.7753871591154642 0.5610048536279805 0.13928124524441182 1 
3.2
0 1.766742031226474 0.7119400552325003 1.32 0.8 2.131425693188138 0.2280852210035128 1.2914929122374599 1.0789062440880477 0.3310391069066578 0.37895541320258636 0 1 2 1 2 2 0 0.7188594411915189 1 2 0.24164771998182905 0.0679142590835673 0.31824634628428033 0 
3.9
1 1.6101182626198978 0.7020247979152381 1.45 1.14 2.654516691492704 0.27079266801193375 1.0646595068207143 1.0965132558070911 0.4397980448525901 0.5179045653092359 0 2 2 2 2 1 0 0.6688275796265064 2 1 0.8887445747675397 0.031075412673382978 0.8270531639030579 1 
6.1
1 1.686610029834818 0.6240571945029634 1.4 0.93 2.3259080064168414 0.2193789922159885 1.3472289872524612 0.9253300951940606 0.4560314115035354 0.4170103866920175 1 1 1 2 3 1 2 0.6643548699364539 2 1 0.5849951884469442 0.16951355953364644 0.8158184438077718 1 
5.3
0 1.8417051166106495 0.8046996685234231 1.85 0.94 2.650164156089053 0.2372431234334373 1.3684513250464752 0.4576958461209571 0.2098449494164097 0.5565158118052874 2 0 2 2 2 2 3 0.6093972282923459 1 1 0.17282735474612695 0.4029801787651614 0.2082294179838104 1 
7.9
0 1.8774184511842646 0.9658030549947092 1.59 0.99 2.2587848510354065 0.2740099990927425 1.3741227173721589 0.590358236823124 0.2 0.6704729387816534 0 1 0 1 2 2 0 0.6490904805601425 1 0 0.7420072586915709 0.8617479790283967 0.24732544180463978 1 
7.4
1 1.6582700929656997 0.5752315217072212 1.59 1.09 2.5423486195583123 0.20918577098718147 1.2045867724740025 0.8163799494102748 0.4970112869444468 0.4990984110868951 1 2 2 2 0 0 0 0.6842741148492912 0 0 0.4079220084188086 0.3634399776509346 0.8709887673343399 0 
5.4
1 1.596726370503947 0.6869394861019942 1.46 1.06 2.248270156759122 0.2694371556180327 1.501216697694245 1.0127282632671333 0.4785828679141585 0.5545196843491805 1 1 1 3 0 0 0 0.6343877185553037 3 1 0.2885691933174253 0.0043369086869015 0.9407104417202614 1 
5.0
0 1.6571615173766372 0.8372185185225532 1.31 0.82 2.3505881179616894 0.3048661082747645 1.1637532270265387 0.9097474873821756 0.2723910472675314 0.4243732575964757 1 1 2 2 1 2 2 0.7850636476894679 2 2 0.9478124510233916 0.6114554450528864 0.5274908512299226 1 
5.6
1 1.68062225101142 0.6840870791346281 1.32 1.0 2.5380470188118016 0.24219834393554202 1.0711770412495887 1.3536331920280094 0.5121034580544714 0.44853420373092817 0 1 1 3 2 1 3 0.8337500129348244 1 0 0.555371482130884 0.39553874773773756 0.4736125920874555 1 
3.3
1 1.6386916299636267 0.7731984120319434 1.48 0.97 2.3458575354768576 0.28793634169309107 1.3507200113327318 0.5456677023620474 0.273143084965246 0.4625295791073563 0 1 2 2 0 0 3 0.6651875624933231 1 2 0.7973787407509968 0.5397055153266307 0.17842664687397636 1 
7.5
1 1.5983957650627836 0.5417405298912947 1.23 0.88 2.1980522491642827 0.21204238858234842 1.12500721211512 1.4473298067246083 0.6255872507639061 0.4180428871759949 1 1 1 2 0 2 0 0.6700475633571269 3 1 0.2435810447130951 0.2581833131895387 0.0668586236802418 1 
3.1
0 1.7553104461395024 0.7193861314899505 1.21 0.77 2.1649162323085016 0.2334824201571652 1.2719298502862921 1.64254565613255 0.6638823279633482 0.3289221377826844 0 0 0 2 0 0 0 0.9012603383994288 1 0 0.7105395720339512 0.8656391206187933 1.0485893321538131 0 
2.9
0 1.716716068116739 0.7203400276609172 1.43 0.93 2.3735229145011987 0.2444221748309836 1.3863698287959836 1.5994303682100266 0.6724663393407556 0.47994637713956534 1 1 1 0 0 0 0 0.6628339816165785 2 0 0.4117593877865671 0.36933016881964476 1.0664829472639503 1 
3.4
0 1.6410870944657074 0.7673124835400229 1.38 0.99 2.934700803533318 0.2849108598963806 1.298585597512965 0.2954798994946689 0.2 0.6787762985283748 0 1 0 1 1 2 3 0.5595151799024584 1 1 0.877794559906752 0.5581402495938629 0.647887007402655 2 
8.4
1 1.716067121138356 0.8297016516497954 1.41 0.89 2.524965637173965 0.2817431808987697 0.9975603299506928 1.204418498307903 0.493038917040822 0.6497142995196108 1 0 2 0 3 2 1 0.7372007691597084 2 1 0.4746576733765213 0.15604859773179902 0.3052016562072341 2 
5.3
1 1.6153754039413577 0.6981261212945801 1.74 0.97 2.453256645162574 0.26753891171881417 1.5206356208658522 0.3082541595718192 0.2788306128088287 0.4962882726420195 1 1 2 1 0 0 0 0.5653689954549356 2 1 0.9838737109678941 0.8129005976707454 1.08445491795647 0 
6.7
1 1.6078218707260956 0.506196002500911 1.45 0.91 2.711997567848631 0.19581359789931269 1.1759625784620498 0.69507245217762 0.5247327363405413 0.46675125681342416 1 0 2 2 0 0 1 0.6741918014532186 0 0 0.37642945572086656 0.8918520210413986 0.03899989901643073 1 
5.9
0 1.7613697188183601 0.9875920190097957 1.34 1.01 2.2545914777863656 0.31832923100743127 1.196784338053459 1.1799635500033878 0.5904367641254608 0.1816817908613409 1 0 1 1 3 1 3 0.62908103472147 3 1 0.6832464838747344 0.4064696537727862 0.2766013029662243 1 
3.8
0 1.797887349365432 0.8161499941774696 1.88 1.1 2.5563223768376395 0.2524904920840939 1.0904308667023204 0.8089133917203264 0.4760544289053607 0.5698219115180254 1 0 1 3 0 1 0 0.7507607382712713 0 0 0.8522139948200985 0.6077214042619692 1.1778044271638637 2 
5.9
0 1.8582168102451047 0.7160921629114683 1.19 0.88 2.148340512663776 0.20738443202484302 1.3578750947212657 1.6601261099970257 0.6036342161916123 0.4219137414737108 1 0 0 2 0 0 0 0.8009658072379443 2 1 0.4514071738248912 0.3082623084654311 0.8695452463904768 0 
2.9
1 1.634463739691887 0.5210947603932514 1.41 0.92 2.7359360637957626 0.1950590594692075 1.525103377554712 0.8989647184247291 0.5774931789767443 0.45382911946055543 0 1 2 3 2 1 3 0.7355467443302558 2 2 0.8794706675160983 0.6599663068829242 0.8074157003436235 1 
5.0
0 1.751810655720181 0.95660979105661 1.43 0.93 2.13840715449526 0.31171700456476653 1.050065795624848 1.4610005236189842 0.5843133380267369 0.331393014077882 2 2 2 2 1 1 0 0.664369953510737 2 1 0.1829976735184407 0.5664875578268198 0.4598071949671597 2 
3.3
0 1.7750453748291946 1.0195560914936816 1.73 1.04 2.4753810816095156 0.3235878491056367 1.0592414873452283 0.9771422377842052 0.3787328131658363 0.5278060248345074 1 1 0 2 0 2 0 0.6028989326561337 3 1 0.2235319843309905 0.6148956910335944 0.028944992110537488 1 
6.3
1 1.5492405120931507 0.6128287737834348 1.34 0.97 2.1659380388301894 0.2553297723680286 1.309703372679319 1.3579300348802252 0.9233043633386976 0.36634483785580335 1 1 1 3 1 2 1 0.7970776359189078 2 1 0.1309798899222772 0.7233183519607721 0.15238087087057087 2 
2.6
0 1.711654807246606 0.9938427678763104 1.4 0.85 2.238958480346908 0.3392230178074469 1.0296917723410295 1.2848172925947496 0.7501500817646767 0.1825261506843353 0 0 2 2 0 0 0 0.6476718901903474 2 2 0.33188981398080164 0.9194876124640976 1.1819316250211043 0 
2.7
1 1.6909801455879465 0.6665468147612796 1.37 0.93 2.704854978161307 0.23310610113851202 1.2106816229778707 0.9421599180631524 0.297387903227161 0.43981338359487215 2 0 0 2 2 1 1 0.6295765615566867 2 0 0.5705565331650468 0.5783735481870703 0.8970582808822124 0 
5.3
0 1.720970565419481 0.8638747247288484 1.25 0.9 2.7548598358874914 0.2916781405566886 1.0378802861941268 1.4644510241992943 0.8050141455131172 0.2024389358980788 0 0 1 3 2 0 0 0.7911957625556039 1 2 0.2734381744733703 0.14990600634372686 0.4115459854118967 2 
2.1
0 1.8302344358790905 0.7034516182447877 1.19 1.03 2.1822865590391824 0.21000072222722224 1.2721720148585083 1.387484483761678 0.5037195668702109 0.35725225156188467 1 1 0 3 3 1 2 0.6547838247644675 1 1 0.12035391234776768 0.4641958666449472 0.9494240246812365 2 
4.4
0 1.741359555819847 0.751933010657019 1.42 1.03 2.4461919255477547 0.2479717713074168 0.9127307506870628 0.7358224472384327 0.4537813969557577 0.4270953126495661 1 1 0 0 0 0 0 0.5623555626000436 0 0 0.20600691448873415 0.6143648997249485 0.4201829430021166 1 
5.2
1 1.5201758119834792 0.6207993323795282 1.16 0.95 2.7376840807989793 0.2686356244873782 1.1852048632273704 1.0261759864998046 0.5595511691590339 0.3791204181115043 0 0 1 0 3 2 0 0.6277928067947268 2 1 0.426992028012109 0.5013509936337459 0.052076614294273016 0 
4.7
0 1.8260731283918599 0.8805511599292825 1.76 1.04 2.1510008481043617 0.2640695115889657 0.880703860688032 1.0716045810986992 0.370662756474994 0.408684077385512 2 0 1 3 0 0 1 0.8022821955825675 1 1 0.47394680098315495 0.8881608320201092 0.440437410745903 1 
5.0
0 1.6825622561161 0.5681521809776049 1.65 1.0 2.397257409450864 0.2006884567276818 1.1901935060920448 0.5359655260373964 0.2 0.5822743328697233 0 1 1 3 3 2 1 0.4591516438146765 3 0 0.9201108792832043 0.8206273934190367 0.15353992910371783 0 
7.5
0 1.835713539284744 0.8204782836061643 1.59 1.03 2.2163995704548696 0.2434766224553738 1.5145423767088935 0.5712156645844422 0.2 0.7818547583922265 0 0 0 2 1 1 2 0.5539208682415192 1 1 0.9278414518735548 0.7871598402865702 0.7521369625851304 0 
7.5
1 1.657562499747095 0.6160554633085144 1.23 0.9 2.568781374534911 0.2242229116015505 1.261805437601262 1.145116561801248 0.5276271868776325 0.3238891146954309 0 1 0 2 3 1 3 0.7999205379458441 0 0 0.6359544818745138 0.9474586638695988 0.7275991567238689 1 
4.2
0 1.7478205123179307 0.8401038731806119 1.35 0.9 2.461341604604491 0.2750041978059077 1.2418096584741016 0.9684701889494508 0.6213473161325237 0.38535389102133116 1 0 1 2 3 2 1 0.8334199525887349 2 1 0.6369966162392333 0.2873536617419967 0.71098368555831 0 
5.1
1 1.54146936947982 0.6449082269660782 1.56 1.11 2.8104318617245 0.27141142085876124 1.519698338292149 0.215141159200654 0.2 0.5542149235602151 1 1 1 3 3 2 2 0.49605739014411404 2 1 0.2048748496468765 0.7308672505393836 0.4430447138903074 2 
8.9
1 1.5643329534563544 0.6260623148491085 1.44 1.18 2.203108761485276 0.255834538112751 0.9642940476129831 0.8772548452182238 0.2616436527684073 0.5103226739034303 0 0 1 2 3 1 0 0.5602093935370965 1 1 0.6579717083867478 0.6981984306764998 0.257899837664063 1 
6.8
0 1.7596372825033126 0.7266010989591116 1.63 0.97 2.5982804301874762 0.23466576745292933 0.9908506885248148 0.5482111402420282 0.4709963955057656 0.4556612432176908 1 1 0 2 2 2 3 0.6218263039428196 2 1 0.18857106331671109 0.6724076692894153 0.3962013181100024 1 
6.3
1 1.5678898999297886 0.7586452934436998 1.5 0.88 2.125494560748616 0.30860832891869916 1.1925430326437412 1.0602855124020174 0.4616682946913135 0.39041912606533136 0 2 1 2 2 0 1 0.6991974059220267 1 2 0.39381828740626607 0.7650510965364443 0.15923977668615516 0 
4.4
0 1.7122417119892668 0.5990503961803454 1.76 0.98 2.201542482622856 0.20433050779860298 1.4491754457245252 0.5059218419656926 0.2 0.6462346319753287 1 1 1 2 0 1 0 0.7848467768501601 1 1 0.678715914172602 0.5783498284481802 0.032239826634987825 0 
7.6
0 1.7492007194344492 0.8352639388259847 1.29 0.83 2.3953757408124927 0.27298855346491857 1.5651287489695687 1.132595660859072 0.4787665199414387 0.36456987258574974 2 0 2 1 3 0 3 0.5283878440473252 3 1 0.17634386280176625 0.05117619461053058 1.1576652878297384 1 
5.0
0 1.800661306547111 0.7331433226047112 1.69 1.08 2.5644844772225044 0.22611262857337178 1.3410011107675623 0.2896344284426397 0.3032044361121162 0.7108641666185004 1 2 1 2 0 0 0 0.46378160969376564 1 0 0.6343302313846813 0.7518017116321575 0.3800794759571013 1 
8.5
1 1.67980689364156 0.6876608276501508 1.69 0.82 2.467282799824769 0.24370002134428292 1.3836769267900155 0.3936343016503706 0.2 0.5836540682341105 1 1 2 0 0 0 0 0.6047466943241717 1 1 0.23140182167476636 0.9353035501338376 0.6566391004854735 2 
8.2
1 1.6524481452239217 0.6991599650258519 1.59 0.94 2.687649912014902 0.2560476958719494 1.5992446389877832 0.387359664633103 0.3477274386508467 0.7325590760652407 1 2 1 3 2 1 1 0.5714607743712944 2 1 0.3073373401294216 0.5794056310866547 0.9578049631414143 1 
7.9
0 1.6461148678266244 0.7612747884714983 1.63 1.15 2.616515742925293 0.280944912621043 1.4029925979168758 0.4897011605855907 0.2 0.5798184050455637 1 2 2 3 1 1 2 0.6001277814277257 2 1 0.664572838267801 0.3412554364502187 0.48959928805961894 2 
7.7
0 1.6851164999877335 0.644579079828691 1.43 0.91 2.146249768590051 0.2269950276481829 0.9201845994940716 1.6404826892429485 0.6586339293647039 0.3023252887107849 1 0 2 3 0 0 0 0.700540355551394 1 2 0.8887171198821402 0.495319178844613 1.0161417876923988 2 
2.8
1 1.70885429410027 0.487133360868357 1.72 1.03 2.468426072357367 0.16681603896893824 1.5672054355050458 0.4574533121803708 0.2 0.502056901688996 1 1 1 3 0 2 0 0.6725885577819752 2 1 0.3857168949252025 0.3915238463357854 0.6754409331632464 1 
7.9
0 1.6313431823456335 0.6174952869793541 1.34 1.04 2.426338422789023 0.23202938162481965 1.1863807339055954 1.4309497351037563 0.5901127940268985 0.505531450746942 1 0 0 0 3 2 3 0.5778019144294292 2 0 0.29104879218730034 0.8381356177314693 0.65027866318382 1 
4.2
0 1.7973733747198366 0.9715017761693406 1.62 0.92 2.0027371512257344 0.3007232393758783 1.154959168246994 0.9453961511483636 0.7340308779836562 0.6065679080513896 2 1 1 2 1 2 3 0.7290935434101578 1 1 0.8380520109771975 0.025867081725420182 0.12329509264730527 0 
4.8
0 1.7852980071138906 0.7621769528091866 1.31 0.9 1.9868657455744865 0.2391301695508597 1.1661540328767248 1.1946989141514814 0.6850420397092027 0.6299173127662498 1 0 2 0 3 2 1 0.4911449426730456 2 0 0.840765264857513 0.3745671375430405 1.1001374697373334 1 
4.2
0 1.7110460660902858 0.6961992199791931 1.41 0.79 2.304694336333511 0.23779905704127613 1.366110936584781 1.216270482568969 0.6389578433891079 0.25903964192236373 2 2 1 2 0 0 0 0.6497202157435814 2 1 0.4900673956346563 0.49597746669274106 1.18442769837777 1 
3.4
1 1.7169605099689462 0.4140651661481358 1.26 0.91 2.443514640063663 0.14045851849640673 1.2860794272393739 1.3423968164901994 0.5997116601835608 0.4021018126064504 2 0 0 2 0 0 1 0.7026477072016027 1 0 0.2222115925063468 0.9395680212121716 0.6998125310281116 2 
3.8
1 1.5938774981439314 0.4906342618240969 1.6 0.89 2.6426548002725827 0.19312922314708747 1.5806715592633325 0.1204081765092515 0.2 0.6778419578788748 2 2 0 2 2 2 1 0.5681392429040926 2 0 0.5454991628916457 0.31355546320325944 0.22811527853831937 1 
8.9
1 1.6667953298897147 0.7020002280675193 1.47 1.04 2.600775607359659 0.2526810676857629 1.3539179482979276 0.6438197541776778 0.510631438523515 0.6820022170987812 2 2 1 2 3 0 3 0.5275265344622432 2 1 0.7257105523282851 0.7590784130720176 1.0657007294329712 0 
7.2
0 1.6310377987184135 0.935725509850008 1.34 0.73 1.814772896395201 0.3517389136009487 1.0435950995619911 1.723965827331166 0.8960226975699084 0.1670797809740872 0 0 2 3 3 0 3 0.8897877277230997 1 0 0.40145713099070973 0.5083413280865555 0.9563870974611977 1 
1.9
0 1.6246863907162288 0.9936621480174064 1.53 1.07 2.741777417299636 0.37644337739826594 1.506864627779386 -0.0128206414588974 0.2 0.6656234634855501 0 2 2 3 0 0 0 0.671544461935497 3 0 0.9983046831402527 0.35040551371028184 0.8936955160610346 1 
8.9
1 1.6437802896996074 0.6638405724807308 1.55 0.93 2.2124124080504592 0.24568364957734776 1.6289720786869435 1.2729230068714872 0.4661649559929263 0.41778251626917856 2 1 0 3 0 0 0 0.6301601532905456 1 1 0.5785745694741575 0.846107511087226 0.0380940477447671 2 
3.7
1 1.716857871491389 0.7695084889633982 1.33 0.92 1.877275140824564 0.2610626410362416 1.3888351444860465 1.1226933154825098 0.399341750011873 0.32899411945404805 1 2 0 2 0 0 0 0.615540327049105 2 1 0.24472310810300182 0.4042008239936276 0.01853412906657028 1 
4.7
0 1.7221080400773865 0.7301237442284048 1.18 0.93 2.217401656887157 0.2461929904178975 1.4219175306834066 0.7411538500910755 0.4078047951740551 0.492102498289753 2 2 2 2 1 2 1 0.6266413045128119 2 0 0.5360546700935575 0.7240334894690263 0.8471402925671768 0 
5.7
0 1.6402579388023577 0.8187686244947752 1.37 1.14 2.3428487306947234 0.3043244846006867 1.4197186766067613 0.9956964633719986 0.3295899640759072 0.5751961502532269 2 0 2 3 3 1 1 0.5181069856563485 2 1 0.9377093900552262 0.8494118219353904 0.9531330573989892 1 
5.5
0 1.75294116223347 0.7443697431642484 1.22 0.97 2.3590123625140786 0.2422445602324864 1.15554800557782 1.1073803633034989 0.596037259682118 0.32950219403834874 1 0 1 1 2 2 1 0.6284972916749597 3 0 0.17516285248578517 0.8616572064606676 1.179240527126201 2 
3.2
0 1.852024125822176 0.8964927834348031 1.49 0.81 2.34910412577872 0.2613686642087506 1.3087147491740214 1.3360994714338834 0.4629181197271311 0.3021647371197676 2 2 1 3 0 0 0 0.5724572039074958 1 1 0.8567065647452031 0.033426533093221626 0.4401024917111281 1 
4.6
0 1.8582132533931943 1.07600828442428 1.44 1.11 2.2321858635944434 0.31161941540692456 1.148086183874974 1.0787925609233806 0.7260515995953453 0.32388787523806883 1 1 0 0 3 1 2 0.6633461530068057 1 1 0.4943654875556297 0.20776233265802882 0.3998636641692198 1 
4.7
1 1.6774566855957187 0.7804229824431955 1.63 1.02 2.1119137107463124 0.2773495212766936 1.4534456270958018 0.9278926319028362 0.6016038318628645 0.3084776319780124 1 0 1 2 0 0 0 0.6936498237947787 2 1 0.3071893708903505 0.8929809881216821 0.3917430048380524 0 
5.3
1 1.642963187583423 0.6545959396118769 1.23 0.84 1.796532129852509 0.24250329376101973 1.098791112504119 1.4322196704345147 0.7063669157534316 0.5549553263732809 1 0 2 2 0 0 0 0.899348457717698 1 1 0.7383665144266913 0.02114982334941628 0.5027195735807352 1 
2.8
0 1.6425758474622056 0.9870858294364834 1.44 0.84 2.5949626712471825 0.36585083615067654 1.3905935697511067 1.0522555140685323 0.5556941900068987 0.4619836821835021 1 1 0 1 3 2 2 0.7620659402747328 2 0 0.7118298024411972 0.558729443524539 0.749930730128874 2 
3.7
1 1.6695333363614058 0.8521045386574515 1.39 0.81 2.1263495042066585 0.30570510285214764 0.906968002207782 1.6832923237238606 0.7924663622667458 0.33848547625031494 0 1 0 0 0 0 0 0.8153806208879426 2 0 0.7206386460327247 0.7855694696739352 0.7119932433177241 2 
2.2
1 1.6516328690409068 0.6257626671875928 1.36 0.98 2.069150801390825 0.22939429633613184 1.1630610643703096 0.7042443965625627 0.3751423005896375 0.48316982815111353 2 2 2 3 0 1 0 0.7000222506034782 3 0 0.3291302614693264 0.47423581202996024 0.28852780280939905 2 
4.9
1 1.5626410850333252 0.7427813678572036 1.49 0.82 2.216710052414967 0.3041883127788839 1.1967857663303936 1.4106842314411137 0.7156629960926667 0.37881493826559137 0 0 0 0 0 0 0 0.5636258019110958 3 1 0.2704206602248389 0.02315018119327117 0.20764881028307558 0 
2.9
0 1.6669929562289538 0.7610309677901631 1.41 0.82 2.2948215446785536 0.27386390718669656 1.2938773760704692 1.766890232866539 0.8931942696969113 0.20264012218402333 1 1 0 0 0 0 0 0.8942746183302868 3 0 0.9265314832751104 0.7777582542329856 1.1719388627910718 0 
2.1
1 1.6379903924492782 0.6512940567670394 1.58 1.01 2.2691138834005775 0.24274730382911205 1.3466041588268352 0.6561203955598633 0.309652569199662 0.6868651006439481 0 0 2 2 0 0 2 0.4228528561288795 3 0 0.40740208881938783 0.8494680259854748 1.190106779405451 0 
6.9
0 1.9528277293085354 0.8530286544843004 1.42 0.98 2.3641145823383303 0.22368442912005412 1.4164419958677714 0.5898317017848054 0.2118701461343767 0.6911101642278815 0 1 1 3 2 1 1 0.7583977942158477 1 2 0.9021906757448903 0.4776309520940417 0.6250389564025223 2 
7.2
1 1.485938230608787 0.5547834142208157 1.36 1.09 2.2893482815644344 0.2512591903437273 1.3828206663168319 0.2759265098488824 0.2 0.3857749733339443 2 1 1 3 1 1 0 0.6111047107978269 0 0 0.514730378778548 0.641573318033049 0.2681431954447421 0 
7.4
1 1.5677124980682655 0.7075598427452059 1.41 0.9 2.047394813764177 0.2878924896858985 1.3972207728206274 1.611307384365065 0.8586484415163623 0.18048198044728758 0 0 2 2 1 2 1 0.7116315504245635 1 0 0.4426255845884642 0.7859662976950674 0.843438102659316 0 
1.9
1 1.6519728625065642 0.7860017150109856 1.28 0.86 2.4481718235656564 0.2880167040291439 1.4146223664501145 1.542992090587488 0.8326682363157853 0.3071341549233791 2 0 1 1 2 2 1 0.9118557570300012 3 1 0.6860371471001153 0.7710589121574848 0.9808562314483613 1 
2.2
0 1.7492854192372624 0.8338088658159546 1.31 0.91 2.1310010059441726 0.2724866039431138 1.0960318509611613 1.775313596415094 0.8339735481747104 0.2539399335574861 2 0 2 3 1 2 2 0.7790940993942199 0 2 0.7078191643077932 0.548938678518675 0.0042130210927807405 0 
2.6
1 1.649676846116149 0.7955142935293444 1.47 1.0 2.613592402676987 0.2923144129948072 1.1800463302490816 0.5754198795216658 0.2 0.5402935946813057 1 2 2 2 0 0 2 0.5950415663433856 0 0 0.3874124331743116 0.9080319856446544 0.881809789022477 2 
7.5
0 1.6873005323054955 0.8748324189204603 1.73 0.9 2.4668752786080623 0.307284023963681 1.5577751073107253 0.368239718286953 0.2 0.7378564552060095 0 0 1 0 0 0 0 0.5493550718816962 2 2 0.5069196154849156 0.911357023218258 1.1290653553781376 1 
8.1
0 1.678726155467689 0.8605031838970099 1.23 0.9 2.2041123340330864 0.3053463742974195 1.4513423861855663 0.7007845347870449 0.2763983834797178 0.5238964839714472 0 0 0 1 2 1 1 0.6786607198997645 0 0 0.382728371830226 0.6957102417434182 0.5614525064663164 1 
5.7
1 1.5592388661978904 0.47400411178507496 1.38 0.9 2.3196419328796076 0.1949650680835285 1.3779129559490861 1.2078752587493158 0.6088491822966368 0.40600418832496793 0 1 1 0 0 0 1 0.7580583990079276 3 0 0.24337673402674231 0.4838613502906203 0.26210775439567147 1 
4.1
1 1.5278070647837114 0.6230778132231821 1.72 0.86 2.3230923317524104 0.26693483882993996 1.3101514104839678 1.0486056765758125 0.4712659137551725 0.463624230520048 0 2 0 3 2 2 2 0.5195043729220251 2 0 0.7679494243901139 0.7044691338292692 0.0808024786620086 1 
6.2
0 1.6863348458585654 0.9905903492081345 1.32 0.8 2.120148889277211 0.3483424997970003 1.1993419658535394 1.71379693578664 0.5302926932714369 0.33032471713305744 0 0 1 0 3 1 2 0.7133691221530606 0 0 0.1663023445544022 0.7180324452093072 0.6038325781058462 1 
2.4
1 1.5174697516487137 0.6352718474620356 1.52 0.85 2.3327538371958174 0.27587955955333643 0.9972738104262132 1.73014831941352 0.6749379752606193 0.18250693623476924 0 0 0 0 0 0 0 0.8262475838225279 0 0 0.2726196017109329 0.7155554957950951 0.3828837058424229 2 
2.1
1 1.5536018812471293 0.7687484312460766 1.48 0.89 2.814590502214495 0.31849657440813545 1.0813566195163025 1.2115699289087118 0.6830943678769973 0.48134992888837613 2 1 1 0 0 0 0 0.6584631446569408 2 1 0.7518658176402353 0.06907433752097236 1.058840970962634 1 
3.9
1 1.6112796172413946 0.6224051739645737 1.43 0.8 2.225196203394352 0.2397349582512068 1.24832332930049 1.4991538433508649 0.640246582948752 0.4225541294275781 1 1 1 3 2 1 3 0.5987973186354799 3 1 0.6905347430528488 0.8549256565110712 0.30321555328721883 1 
3.6
1 1.6103354983311207 0.730673371068764 1.29 0.84 2.0278834341768475 0.28176727165857723 1.2961032324265573 1.0711460826281098 0.6271827335184348 0.3019048620838525 1 0 1 0 1 2 2 0.6590502346045762 1 1 0.7213144466427572 0.8085590698198784 1.1880538631009134 1 
3.2
1 1.598311883700781 0.559720560146869 1.45 0.95 2.105422848223051 0.21910293895979818 1.1146181185864998 1.0460767849883257 0.4553837963317624 0.32965654036562625 0 0 2 2 0 0 0 0.7119568895430993 1 1 0.30018394533769743 0.8326768619016992 1.1617294704290344 2 
4.7
1 1.6096763156260525 0.5394739466857307 1.42 0.95 2.446594564828157 0.20820606091113514 0.973295446841734 1.3136328844736658 0.4444709656940787 0.4961628464146387 1 0 1 2 0 0 0 0.6759445099272781 0 0 0.7961445044856642 0.2578522223778783 0.8959417579603507 1 
4.4
0 1.8062064948563648 0.8537717856021229 1.69 1.08 2.263214730594396 0.26170197457957717 1.381392889208257 0.586429249778175 0.2591961442258519 0.6981223522980595 2 2 1 0 0 0 0 0.4357904118374218 2 1 0.13037595289971238 0.3125296209283628 0.1994585934280943 1 
7.5
0 1.727831790201977 0.5511043941733164 1.54 1.01 2.3693961104771164 0.18459968400691223 0.9634669769906316 0.7914654467865736 0.4074112803637015 0.548381445337208 2 2 0 2 0 0 0 0.533224883231877 3 0 0.8548423136917223 0.2057578257730092 0.08090835973300758 1 
6.6
0 1.876062385425164 0.8649800837442011 1.42 0.87 2.346855410407292 0.2457602022826925 1.1503479012199653 0.9019499648313694 0.450420361443157 0.2842344774674408 1 0 2 3 3 2 2 0.6829164044923907 2 1 0.7792553881556538 0.6724535039573865 0.9365005890469869 2 
5.6
1 1.6376883358006322 0.7141613682966166 1.3 0.97 2.160041711905181 0.2662771145531419 1.1222364933458087 1.5632669514633972 0.6966836807353036 0.3495641702327005 1 0 1 3 0 0 0 0.6818689878427494 1 1 0.19943846156396589 0.8530918102366961 0.2072447788690639 0 
2.8
1 1.6268154656772449 0.571490528313777 1.49 1.14 1.9919859110042473 0.21593967927953814 1.5129579203290298 1.0820171765855713 0.4085145867643105 0.2565637217269154 1 1 1 2 3 2 1 0.5942584535491153 1 1 0.5869458228445206 0.3932923936423769 0.29449602767385524 0 
5.8
1 1.6089850626304105 0.6868429808434768 1.79 1.17 2.7221139480702328 0.26530989018842005 1.3410147362750984 0.4381211300573968 0.2 0.5039223734921521 2 2 0 0 2 2 1 0.6628523635554945 0 0 0.5970579344043815 0.8205128998610387 0.7594366642148518 0 
8.4
0 1.8547497624522162 0.8275600232100954 1.64 0.91 2.465541309244166 0.24056301315734577 1.4080738348584725 0.6500761726493984 0.2 0.5912677446891509 1 0 1 3 0 0 0 0.45946945380365967 0 2 0.7835042178140192 0.02177891994185099 0.7491709255105177 1 
7.5
0 1.6973234519792708 0.8184499434570174 1.56 1.03 2.810529325229746 0.2840945478923772 1.309838199037275 0.4224604343866738 0.3312944059451453 0.2525251061866524 1 0 1 1 0 0 0 0.5462651544555379 3 1 0.9797268504705133 0.236933349171745 0.42640337922618227 0 
7.4
0 1.7575322405356064 0.7269689833316866 1.38 0.78 1.944707132723181 0.23534733272343694 1.3563240959713099 1.27395089311749 0.718472534703594 0.2607880090277604 1 0 2 2 2 2 0 0.550685412335347 0 2 0.5683530033936661 0.3895276083725533 0.6222217591316556 1 
3.4
0 1.795204536503254 0.8304474824610217 1.29 0.72 2.222138471923712 0.2576821282546183 1.4377486463635991 1.086461836992702 0.457758530573326 0.43856645664570015 0 0 0 0 2 2 2 0.7450079998446335 2 0 0.5709576243702248 0.11674790276879554 0.15487814979487555 2 
3.9
0 1.7678290206741605 0.7331771449913623 1.27 0.88 2.129520527870669 0.2346002121068728 1.166830610906798 1.6985371892304044 1.062537457634618 0.3302487839389919 0 1 0 3 2 1 3 0.7072610520837712 1 1 0.3928271771106149 0.11200823635565582 0.7684362731530407 1 
1.8
0 1.707127413375288 0.7400388623683871 1.28 1.02 2.1946593585673924 0.25393505264840494 1.1840132653465927 0.8753010452803942 0.3343986655658358 0.5605421177807068 2 1 1 3 1 0 2 0.5247200862865103 0 2 0.8752702678687083 0.22913592308172684 0.7286160655068953 0 
5.4
1 1.7176600749696544 0.6104852554933172 1.53 0.93 2.2959962768753397 0.20691917448033847 1.0994469363101471 0.5719788062592328 0.2901619896880039 0.670168007377282 0 1 0 1 0 0 3 0.5796451220541922 1 1 0.14033935557044802 0.05037563623318597 0.42261208410562273 2 
6.3
1 1.6984168081474815 0.7366685566672955 1.23 0.85 2.4640178811152227 0.25537805498733573 1.3185385531829927 1.4903792164518108 0.6383054910116672 0.49938500053201607 1 0 0 2 1 1 3 0.878424203194096 1 1 0.4658966671254399 0.3295252593431073 0.2157695590685889 1 
2.2
1 1.5425707818266203 0.8042296978044621 1.46 0.99 2.407329347758809 0.3379791459509773 1.0477008358744677 1.069958052390818 0.2339566154037784 0.41510704683975774 0 2 0 3 3 2 0 0.523805543083839 2 0 0.7472881789813328 0.6453518527828941 0.14301686307883593 2 
5.8
1 1.6140651679974274 0.7000636811610654 1.18 0.88 2.4854638603667225 0.26871716964600295 1.3042470677146796 1.0000868190028138 0.5615561041132172 0.3707224481302689 2 1 2 2 3 2 0 0.7309913943323917 1 0 0.24076970978745732 0.5318989354572933 0.36489349229446566 1 
5.1
0 1.8097713912120252 0.6362694069379735 1.64 1.05 2.736302436365423 0.19426457162932995 1.1439373194556086 0.593949492181805 0.344923568388678 0.5739647394962948 2 2 1 2 2 2 1 0.657261912952405 2 2 0.5964612241536266 0.5161796855098325 1.135289153086522 2 
7.5
0 1.8205835840384867 0.749599115594465 1.69 1.17 2.7237336217059704 0.2261558471022536 1.5441202372699063 0.0717014419406131 0.2 0.6055160510469878 1 0 0 3 0 1 0 0.47683551435142635 0 0 0.7286206297704637 0.860506258814403 1.0079909337903215 1 
8.4
1 1.5713111077809296 0.531718449769571 1.54 1.08 2.5834966038559224 0.2153561946928233 1.346324132972427 0.2571943718168937 0.3344833732992054 0.5282323522961213 1 2 2 1 3 2 3 0.7261805891619101 0 1 0.4261882700689936 0.7376030960344221 0.7196628133323328 1 
7.1
0 1.7798547073243782 0.7593145636148313 1.71 1.03 2.4337141838176737 0.23969149635335948 1.0633203209655913 0.4153127045313839 0.2 0.6259932630266328 1 1 0 0 0 0 0 0.5757376937958191 1 1 0.7143554991010622 0.24193168031552958 0.8567431590079078 2 
8.4
1 1.6191577734394134 0.6116817482013928 1.52 0.85 2.4800862939498605 0.23331742972890165 1.2093172041367823 1.0521942201495402 0.5192680486653688 0.4769302869707755 0 1 2 2 2 2 2 0.7442524085258385 1 1 0.9416816337695136 0.9473504626310388 0.7503655922567374 1 
3.7
1 1.7001284338710394 0.5724620970327393 1.21 0.94 2.2168611847578994 0.1980538437963867 1.3123304213872438 1.3943399102561982 0.7982410556100049 0.37950314405573077 0 0 0 2 0 0 0 0.8714650865290839 1 1 0.7756202966398497 0.9491838844727685 0.41841754678195997 1 
2.7
1 1.72302495936859 0.6314467939215302 1.21 0.79 2.116342560808602 0.2126932098044053 1.1506353557058677 1.6185918191138695 0.9223150427789112 0.2757343047859271 0 0 1 3 0 0 0 0.8134264847379147 0 2 0.6371968310749132 0.01988701795443181 0.12724617701857477 2 
1.8
1 1.7043318027973435 0.5594759706595792 1.59 1.04 2.4406004686195844 0.19260747702670106 1.2716820346732736 0.403137952045387 0.3000908079247297 0.5416509848102 2 1 0 0 0 0 0 0.5773546933080366 2 1 0.5507230116836312 0.9314933890689208 0.8907890629227362 2 
7.0
1 1.535527926625624 0.6880618548919669 1.36 1.06 2.398396545371732 0.2918179774963402 0.9797211988599724 1.280574335667149 0.6040551880777323 0.38773303217302135 1 2 2 1 0 0 0 0.6394269134406629 1 1 0.8268115926505386 0.2646779897399475 0.3000372718313883 1 
3.6
1 1.6082951168253803 0.785584275929946 1.07 0.91 1.7104579019222153 0.3037115410810009 1.214211196989414 1.6599038969344984 0.6276019970484457 0.4000046143131687 2 0 0 1 2 0 1 0.914383590129092 2 0 0.8796238577964361 0.28389314103115826 0.12248538435304365 0 
2.0
1 1.6211856284267163 0.7247222367091513 1.61 0.95 2.470127678693687 0.2757440161838448 1.4717853008704844 0.2053908315889848 0.3007375479781168 0.5934764141912224 0 1 0 3 0 0 0 0.5750995235151544 2 1 0.9529586683440048 0.5925781388204931 0.0318575498691668 1 
7.9
0 1.782217912252241 0.7307334189287623 1.72 0.88 2.547576707498664 0.2300580111877951 1.0901500299831692 0.2972264647652365 0.280333266869456 0.7542477923006105 1 1 2 0 0 0 0 0.5091280940494547 2 1 0.5016738908747659 0.7328420815506413 0.03256102843459549 1 
8.8
1 1.687904234950627 0.5516230655633005 1.6 1.0 1.922573338963049 0.1936184824248774 1.0525608808003377 0.8797235603535317 0.5036252175356241 0.45208048394169636 2 0 1 2 2 2 2 0.5847265005451491 2 1 0.1569776474868375 0.8255767908246966 0.8525815246043595 2 
5.5
0 1.7475481836636346 0.7805799920505098 1.71 0.93 2.424360516279317 0.2555989686812774 1.2563971388890036 0.2632045719874379 0.2174900538074222 0.6467539226886342 0 1 2 1 2 0 3 0.5473820912321611 1 2 0.9813329059983944 0.35700281580657534 0.6520588289495325 2 
8.0
0 1.7184069600426168 0.8223815497914674 1.52 0.95 2.3955559728768345 0.27849750722258665 1.1929875201308509 0.7616896215513658 0.4457410807552964 0.4619400087957865 1 2 0 3 0 0 0 0.8014278249169265 0 0 0.11176279575298662 0.00893857756804816 0.3460230822614341 1 
5.7
1 1.6463181687536579 0.7152727982347555 1.7 1.16 2.5592128098055213 0.26390290264207666 1.291878838420253 0.3445594112281351 0.2 0.682735258226886 1 1 1 3 1 2 1 0.3480274773121472 2 0 0.4237871155270538 0.8469985997572685 0.3934664623645737 0 
8.2
0 1.8012296743516465 0.8387781382576688 1.46 1.17 2.219588550869969 0.2585287916448292 1.335725723719376 0.90667376896947 0.4257827886270826 0.30621539374978163 0 0 1 2 2 1 2 0.6787561109434291 2 1 0.99548882268845 0.8231353874646341 0.4638389582177055 2 
6.3
1 1.5334670115679168 0.714800318515404 1.52 0.85 2.2203068049147263 0.3039735964701229 1.4018072748107582 1.414950973129364 0.7810276311169121 0.42273505067396977 2 1 2 2 3 1 0 0.6993219051123017 2 1 0.3260728041440205 0.32056758601649904 0.16197418328597052 1 
2.7
0 1.6910530917195026 0.6479267973952725 1.56 1.01 2.484118501246987 0.22657472242742516 1.278786870942843 0.9016528889061302 0.4177849864667919 0.42346447144643684 0 2 1 1 0 0 0 0.6734991787862111 1 1 0.7432091838328787 0.3839601263173785 0.9250780851825631 0 
6.4
1 1.608464736467134 0.5739308552014682 1.66 0.89 2.3280210829233154 0.221838278085248 1.84287756828256 0.2947980553116078 0.3347802791759752 0.5314049231286188 2 1 1 3 1 0 3 0.6169045144797144 3 1 0.6191107376475127 0.7394114554566915 0.09150187721550415 2 
7.8
1 1.6745333421821573 0.5778559250169795 1.44 0.76 2.4069751146383043 0.20607816186777164 0.991785163064912 1.0520039986133034 0.5772108474097155 0.26643915411873165 2 1 0 3 1 1 0 0.7705017136802375 3 0 0.15089312906677715 0.5920196670421323 0.22045126253927022 0 
5.3
0 1.7114835857585233 0.8618519686940489 1.51 1.09 2.594658135010471 0.29423016908813726 1.5765284793866718 0.1328682798964727 0.2 0.5878619834245858 1 1 0 1 0 0 0 0.4405917162252895 2 0 0.2797064039425237 0.5142344384136116 0.710897482634451 1 
8.9
0 1.812290164205565 0.8343654179601313 1.53 0.96 2.7282170124774066 0.2540392539748944 1.2745011152136947 0.5716570309248279 0.2 0.5845876480076727 1 2 0 2 1 1 1 0.5719194641333093 2 1 0.9546725832597692 0.2890340642234972 1.1921208592434733 0 
7.6
0 1.7594071209315638 0.46295304891708045 1.52 1.17 2.7712597022580776 0.1495561435292135 1.0887501239294328 0.4193373210782884 0.2 0.659167679940564 0 1 1 2 2 1 2 0.460240617215349 1 1 0.20039385776977223 0.7358541396009165 0.4581661600524072 2 
8.6
0 1.6280286405956843 0.5881093026127837 1.32 0.87 2.2766612957499612 0.22188807754985856 0.9999806577988656 1.5253516437238517 0.8562590522676954 0.25811055184013443 1 0 1 1 2 2 0 0.7379586625248434 2 0 0.6888701633355946 0.6810279049277278 0.2723112384114942 2 
1.9
1 1.687033799864035 0.7068634583562949 1.57 1.02 2.379565963641863 0.24836360989961 1.2813968274827192 0.9044762394059004 0.3677527911111183 0.4826695077768601 1 2 2 0 0 0 0 0.5682582568570357 2 0 0.4224909359187935 0.02034393661424582 0.5268295208254461 0 
6.8
0 1.6815353560942483 0.742860949651368 1.27 0.95 2.0339046682748285 0.262721444116014 0.8916214315819143 1.104935815564077 0.5529619865324282 0.48615382028481124 2 1 0 1 0 0 1 0.7116206599484052 1 1 0.8874731840300759 0.9893646425518628 0.732770479958133 2 
3.0
1 1.5200814552793418 0.6208478689082504 1.61 1.01 2.5553148931727923 0.26868998139903444 1.306612830481044 0.5019509917541383 0.4457814180820796 0.4710887867218873 0 0 0 3 2 1 0 0.5084403701237574 1 1 0.18784903429809244 0.16684857820557764 1.1084776750521315 1 
6.6
0 1.6323373442077456 0.7400192483118003 1.75 0.99 2.4645682445762453 0.2777302488417689 1.0479348518181175 1.06314312850175 0.5366465085323266 0.4135550890708201 1 2 2 0 1 2 2 0.7336725934371738 3 0 0.7093911487216282 0.1989173595152668 0.0956862689153536 0 
5.7
1 1.5815425485768124 0.8333391655299688 1.52 0.97 2.34615014600285 0.33316550753168156 1.4100494011994327 1.113296401967277 0.4726944021297125 0.5313411254689834 2 2 1 2 0 0 0 0.5846279890733485 3 1 0.3803613165003506 0.6449550750930727 0.6144511716247837 0 
5.0
0 1.8229572442969586 0.8904408407970221 1.35 0.91 2.2779177670024575 0.26794897831306097 1.4122811626702318 0.8438272605683741 0.4467281031148645 0.4875184630944537 1 0 2 2 2 2 3 0.7026033502248242 2 2 0.8203810366380135 0.260289037723086 0.5164533302461509 2 
4.9
1 1.5814882286368184 0.4735594279234948 1.19 0.87 2.059704444704808 0.18934008154184906 1.246528791996254 1.639544869326489 0.923322951651994 0.10416580831108689 1 0 2 1 0 0 0 0.664942183768368 2 1 0.7940224433537398 0.6612653062650916 0.4912139050588712 0 
2.4
1 1.7473034733356376 0.8512943379764976 1.26 0.79 2.3455401523839896 0.2788322892982692 1.126758247022524 1.4462039490561398 0.6129085622315228 0.5015910640492677 0 2 1 0 3 1 0 0.8041064842570763 1 0 0.6253852787901871 0.3660005477505206 0.7831555632902685 0 
3.2
1 1.5879270890942445 0.5490994341474845 1.42 0.96 1.96277561345196 0.21776590326346276 1.449602641656933 0.8498015355699855 0.442528816142469 0.5902621212940912 1 2 1 0 0 0 0 0.5587151154889165 0 0 0.5109299076536636 0.13014133050768306 0.5918584257089428 2 
5.6
0 1.7124805088042725 0.7871018338813246 1.46 0.9 2.510923718208644 0.268398231580261 1.0258454241758 0.865205533694344 0.4707446306935872 0.5077625629784225 1 2 0 0 1 1 1 0.7394262374249007 1 0 0.7565320821416509 0.25299550442423524 0.20423545937193607 0 
5.6
1 1.5736684567317372 0.8165603213686528 1.37 1.13 2.7304062129326754 0.32973252874040815 1.4015359633956501 0.3659586300793114 0.2400000005613566 0.828879066088029 2 2 0 1 1 0 0 0.3836763301096515 2 1 0.1203127269160984 0.6869274167743025 0.3528040663139437 1 
8.0
1 1.6800959602001504 0.6410673442644645 1.63 1.07 2.144859980415576 0.22710959328002628 1.3565813314050603 0.3203333543531805 0.2 0.6523058848839152 2 2 1 2 0 0 0 0.6390798612027118 1 0 0.16807351490099937 0.6105482266019489 0.07102417613336728 0 
8.2
1 1.5379526503126926 0.7888573974738615 1.74 1.03 2.438857421579719 0.3335128509003624 1.2501067183997732 0.6111437081260567 0.2345166064489088 0.513339007218085 2 1 1 2 3 2 2 0.4799886103089151 3 1 0.5904762677116208 0.28506443620343425 0.7473473370038081 2 
7.4
0 1.7366510308455754 0.9325451810959149 1.76 1.04 2.3985945212177127 0.3092037592142512 1.1755574194922112 0.6611829724140466 0.2 0.7393003848469604 0 2 0 2 1 2 2 0.5099467668767685 2 0 0.8368686215930751 0.0017399492874923198 0.94989971559696 2 
8.3
1 1.676978489916992 0.4784906652817461 1.27 1.15 2.2882428974954823 0.1701447235594439 1.2816772809869064 0.8493565852586276 0.3131118706976611 0.4121603227979624 2 1 2 1 0 0 0 0.6044313015127544 0 0 0.4543085655001192 0.3027553706179532 0.5527964936528446 1 
5.3
0 1.6278338919332083 0.8302707885568371 1.36 0.86 2.1054546346110325 0.313328273502796 1.3679973127182945 1.328133235440918 0.8460026995188824 0.3655049487250874 0 0 0 0 1 0 3 0.5865923871130223 1 2 0.26912297695181886 0.3002434555882698 0.4598096669400915 1 
2.5
0 1.7632939125598628 1.0674167473043095 1.65 1.11 2.338917641624823 0.3433085314103921 1.4512908745327064 0.3045503730397206 0.2 0.6152705539286515 1 0 2 3 1 2 1 0.5405900201785966 1 2 0.5490075579237322 0.38292302145400703 0.626276212449526 2 
8.6
1 1.6515931101797636 0.42328928543739525 1.52 0.93 2.22420537623905 0.15517835741627795 1.1015218927464872 0.7006899783177291 0.3686935293409679 0.5114939912944199 0 1 1 2 0 0 0 0.6792215126745751 1 0 0.3002423788580982 0.5155312162661023 1.1588801737798595 1 
6.1
0 1.7206792641074042 0.8148361360424432 1.67 1.01 2.1788207051037123 0.2752139417598107 1.4409741702825258 0.4787753969893252 0.2 0.5165661813417337 0 1 0 3 0 0 0 0.4908945622606104 1 1 0.3954778393221208 0.8700479966063919 0.8955192735986461 0 
8.0
1 1.686779687762009 0.6295752167730998 1.56 0.95 2.339937855633602 0.221274260753267 1.1566052871477213 0.4092141097209352 0.2 0.550489979179382 0 2 1 1 0 1 0 0.6230698582645493 1 0 0.3141395060574065 0.8015108413372112 0.9507312132435031 2 
7.3
1 1.5908296087761662 0.7179743794373478 1.59 1.0 2.786766260795074 0.2837014894264843 1.388643599865761 0.3796419097925956 0.325250127595504 0.6363297795864647 0 0 1 0 0 1 0 0.48983983273595205 1 0 0.13639706795071738 0.3671355583037133 0.31607391734202306 1 
7.6
0 1.6609323515956347 0.7243348285114383 1.33 1.04 2.372085757929317 0.2625641810087894 1.208355747635638 0.8052023010798793 0.4845211534611484 0.5550831591004212 1 2 2 1 0 0 0 0.529152619865794 1 2 0.44455005529159175 0.6306352949830805 0.5161712785161916 1 
6.1
1 1.6432443893892097 0.7454244172638707 1.52 1.04 2.33087100582155 0.2760573395510074 1.2566906234269661 0.3047276453215156 0.247991345542983 0.5842306794894173 0 1 2 2 3 2 3 0.5606415735985218 3 1 0.816188152166962 0.7586045497125113 0.4147691515402391 1 
8.5
1 1.579034973610278 0.7426300041692336 1.59 0.93 2.0571353142481574 0.2978440944614323 1.2160499052953169 1.395400182006941 0.780162533860358 0.5432293146205628 1 0 0 2 1 2 2 0.6614474836109372 2 1 0.259379608076589 0.040941367594308 0.7024120597769778 1 
3.0
0 1.7645920051936657 0.5316025816135141 1.39 1.03 2.3253857261419237 0.17072552891053486 1.206139696174898 1.3105244483159668 0.6648922233864417 0.380114536073323 2 1 0 1 0 0 1 0.5524774971710269 2 1 0.37379023952925394 0.8769382851037328 0.6573415248580643 1 
3.8
0 1.799415894482634 0.9704473393753617 1.59 0.84 2.263833429042828 0.2997152692442546 1.1239922969650857 1.1976370307566475 0.533936284348663 0.7497009588957642 1 0 1 1 3 2 0 0.5942390466582772 1 1 0.280667964849169 0.9002165023806065 0.596149510115635 0 
5.3
0 1.8322893784449203 0.9417369773445547 1.37 0.87 2.3701790412614643 0.28050557372505613 1.2775325768249413 1.2743040517784052 0.8016714314394858 0.33644409279857845 1 0 1 3 1 2 1 0.7213233915432944 2 0 0.8115700409545621 0.4789958788445894 0.7793798240574087 0 
2.9
0 1.727014784174672 0.801064180716442 1.63 0.94 2.4534987512386293 0.26858094781152797 1.156165910850536 1.0470566559982506 0.5566220966389986 0.3085655139392129 0 1 1 1 0 0 0 0.6991509150585189 2 0 0.48865858616917207 0.16263109587770008 0.2337240563617197 0 
5.1
0 1.83572091063383 0.9948075874758854 1.28 1.0 2.2132009566966993 0.29520640707287105 1.2812130151087588 0.9547761357134632 0.440911958771379 0.6122279236086849 1 1 1 2 1 2 2 0.7452932182209407 2 2 0.7953604547044443 0.2648954472367334 0.7743478050308603 1 
4.9
0 1.5812984779970225 0.9195286806942758 1.58 1.03 2.3550611130083223 0.3677372075256988 1.221946555482054 0.7205708179566379 0.5011188707101439 0.5225139297722838 1 1 2 3 0 0 1 0.6649398410926218 2 1 0.5898340196285345 0.13322970727684236 0.0064311655507153 1 
6.5
1 1.5856747843796797 0.6606720020900789 1.22 0.86 2.440099767510739 0.26275903766431724 1.2442494568929123 1.669656940376398 0.6698375579150259 0.17095825356698555 0 2 0 2 0 1 0 0.7821499763716345 3 0 0.6664717656215264 0.9862143924611176 0.6137003932751548 0 
2.6
1 1.611775466523695 0.5953729559212695 1.49 1.13 2.7580085657824025 0.22918174489206902 1.3498608303833401 0.7831231916015537 0.2 0.539127559464316 0 0 1 2 1 2 3 0.6288057853504797 2 0 0.26381638778775407 0.00286969268935322 0.2067047932323073 1 
6.6
1 1.6131435567037877 0.6273774230352389 1.43 1.09 2.2093382425616808 0.2410920281511932 1.235152175110148 0.713096344368962 0.2934741233539024 0.3752856332370895 1 2 0 2 3 2 1 0.7617059144553514 1 0 0.7957287088351455 0.9198941808189647 0.5122113466747472 1 
7.1
1 1.5403021817973974 0.4744672354165165 1.5 1.06 1.9691924231046578 0.19998359269634622 0.923212594025829 1.4860416748113825 0.7267477725308622 0.4754030185602589 2 1 0 3 0 0 0 0.5967282551674041 2 0 0.1134216125208897 0.1885597125379032 0.43846275452031325 0 
2.8
0 1.7743578097973474 0.6377303278544799 1.31 1.08 2.1045425189589775 0.20256045598091 1.3794867914701312 0.919351897870483 0.5667730286552786 0.2861340969910598 0 1 0 0 0 0 1 0.884746493565546 2 2 0.585673488926809 0.8562142092532523 0.20159466588050315 0 
4.1
1 1.5525584289161634 0.706317869788445 1.49 0.79 2.053563498210808 0.29302473864222306 1.0775094478847103 1.2140450073596287 0.5804576797123958 0.38340092548610777 1 2 0 2 0 0 0 0.7655721311018888 1 1 0.6194797717803053 0.0658921650319727 0.22954698803581725 2 
3.6
0 1.7576688528051563 0.6783688539564351 1.11 0.8 2.053982617876647 0.21957949722405545 0.959502445304954 1.4973500432815006 0.802771565057856 0.2898327505520948 1 1 0 2 1 2 2 0.7082629147367742 2 1 0.40641270474508984 0.43671737898507457 0.35563028522960666 1 
2.2
1 1.5823329589435655 0.5687431406717277 1.45 0.92 2.0618790439273047 0.2271540181009274 1.3443220121834272 1.3480010142309582 0.5827347245874084 0.2818932950003121 1 1 2 1 0 1 0 0.66418025361039 2 1 0.38609373126601126 0.4637148751210917 0.3963661852868373 1 
3.3
1 1.6765921950003388 0.5991183215593889 1.42 0.84 2.1230498783731706 0.21313644650026173 1.4370845887685304 0.5840296228045496 0.3772470116813027 0.5039626396415621 1 2 1 2 0 2 0 0.5910435832143319 2 0 0.2820390403419061 0.7025072103650418 0.7917320117300151 0 
5.6
1 1.6800291364657263 0.665242086225926 1.44 0.79 2.224624399070706 0.23569267717560494 1.1680607189595629 1.6181000073569607 0.7173277544450638 0.39530483110497605 1 0 2 0 0 0 0 0.8322687465462713 2 2 0.25833272740961083 0.01807536361552086 0.5926724582201215 1 
2.6
0 1.7374240511920553 0.7482147351962568 1.35 0.9 2.6676790898092033 0.24786465320948445 1.15594230680443 1.4656253290253496 0.5574884847390049 0.3035808167353396 1 2 1 0 0 0 0 0.6171328867319549 1 1 0.17059868206561185 0.7771333096628285 0.03797968752722789 1 
3.3
1 1.54134651360167 0.747498443419282 1.26 0.89 2.4001360373129783 0.3146369502098161 0.9479091663747006 1.0739058432769188 0.8936881892776103 0.34422395793827254 1 0 0 1 2 1 1 0.5040219512709071 3 1 0.8570366568592827 0.4404106437417473 0.7683514169029292 0 
3.5
1 1.644415629080924 0.5660423534178173 1.42 1.06 2.446070822211488 0.20932723472898762 1.0475363699098703 0.7414739647731212 0.6005538529577009 0.5314515985241828 1 0 2 2 0 0 0 0.6932288722938356 3 1 0.7200814821303998 0.9747820701734982 1.023920421053735 0 
5.9
1 1.5830528493139375 0.7936183468077767 1.61 1.05 1.935505839211195 0.31668017166885426 1.2231290233474241 0.4637057003866716 0.2344515041702326 0.6059389308999694 2 2 1 1 3 2 1 0.6022348290331643 2 1 0.9586459245328502 0.60617463445088 0.2743713666041553 1 
7.6
0 1.8217544307235785 0.8449147412157015 1.42 1.02 2.208296176032429 0.254585238412726 1.5760561848949135 0.8917162458888441 0.3579977050923288 0.4311308300530726 1 1 0 2 0 0 0 0.5746200247291965 2 1 0.48633028713625326 0.7882051110716313 0.8583385575926125 0 
5.8
0 1.7557115576049522 0.7923345776546676 1.77 1.13 2.313541420516196 0.2570409235422426 1.2931101148581376 0.4015862753305847 0.2342144896917447 0.597023822450659 1 1 1 1 3 1 1 0.6685075759947229 2 1 0.5877756185652966 0.8017472543167168 1.063500694476523 2 
8.4
1 1.5655107630835396 0.6077799315195256 1.28 0.86 2.2246218929923405 0.2479900409352447 0.8429189289256028 1.356165129983662 0.7435240741253337 0.3190080269864456 1 1 0 2 0 1 0 0.9367345485793298 1 0 0.5664977083088483 0.6475547776534225 0.48801622091599023 1 
2.7
0 1.8170128712935396 0.8183398736909119 1.32 0.8 2.0638703699791145 0.2478664262931189 1.013271712092835 1.2439915546182063 0.8565856625331341 0.13080397049735779 0 0 0 2 1 2 1 0.8530138904804556 2 0 0.3003516211362043 0.11916026519487422 0.6013417407973037 1 
2.8
1 1.6040595543102878 0.601707021503647 1.47 1.04 2.67580221402723 0.2338536229899001 1.4664142629795205 0.0960747625172638 0.2 0.5556596995614267 1 0 0 0 0 0 0 0.4495067131736705 0 2 0.28156448579297966 0.7525515951030842 0.919481810585502 2 
8.4
